3 20 40
10000
791 1398
933 946
383 1245
1037 1107
64 79
321 641
1057 1082
877 981
284 1187
1436 1437
376 1036
390 929
0 92
1149 1405
991 1318
911 1340
369 1213
1255 1309
908 1018
1141 1202
651 1358
1353 1380
1117 1317
446 1165
796 924
360 750
486 1267
417 588
370 1344
218 763
724 1337
252 332
340 1149
835 945
840 1010
1085 1358
426 858
987 1175
852 1322
1046 1119
1067 1375
1137 1217
76 475
1322 1350
176 1251
691 1196
423 593
424 1090
462 783
386 554
29 672
402 1228
701 876
1214 1230
967 1244
1426 1438
212 358
847 1023
837 1219
511 1311
447 857
9 207
673 1012
906 1292
1206 1379
907 1384
399 874
783 1018
1269 1346
179 698
179 502
148 1386
922 1208
443 1000
5 880
524 1174
1100 1117
778 1050
657 900
1046 1179
286 1195
517 1371
994 1351
140 822
1077 1408
1001 1181
1432 1438
227 1434
501 546
923 1016
938 961
1010 1319
418 858
140 1055
90 1001
1347 1385
974 1351
129 1363
1255 1278
274 1102
10 791
1362 1380
427 1224
477 1212
606 673
739 788
62 504
1186 1414
432 944
963 1311
1282 1374
613 667
68 263
703 938
1354 1360
1282 1400
389 1424
1250 1256
219 1139
1247 1410
4 48
681 1251
832 1404
685 1171
924 1421
1087 1120
439 1192
613 911
802 1417
1197 1356
648 1379
398 1306
74 343
809 1191
684 973
849 886
1423 1427
1025 1363
1251 1311
443 1387
1075 1440
726 1206
185 1270
388 575
498 1050
904 1075
711 1391
540 563
1340 1407
613 730
496 1419
1374 1396
683 1012
1402 1439
1116 1348
1127 1133
640 1179
495 1352
586 812
133 947
52 844
1147 1432
70 256
1125 1360
222 816
820 1081
507 1208
1146 1205
374 484
264 944
738 1144
1209 1303
345 463
669 858
1163 1293
837 1370
147 234
296 482
616 1130
345 430
347 693
596 638
1318 1418
24 1128
485 1352
362 720
591 1434
381 888
815 891
543 1296
389 1145
908 1094
1304 1429
535 1188
587 1281
1170 1235
971 1024
190 1028
747 1300
267 1381
435 1323
439 931
1295 1414
160 760
256 531
781 1086
341 1079
474 515
58 1172
645 882
553 1199
1041 1335
316 912
1014 1412
415 510
263 534
1184 1271
441 1348
522 1246
719 1097
97 1089
381 750
1301 1438
282 1254
215 610
1415 1425
1356 1419
310 895
269 995
984 998
721 994
339 729
967 1301
1403 1433
21 168
550 794
285 1393
93 1438
1150 1239
226 426
1404 1439
349 1327
1186 1328
1284 1402
9 1154
576 730
672 681
516 578
372 1185
833 1153
1088 1181
783 828
376 575
547 822
808 908
1186 1233
114 907
1059 1172
879 989
639 864
444 1317
850 935
130 302
210 371
619 1114
720 971
1378 1439
1085 1347
1175 1383
996 1231
659 1162
684 1214
1089 1412
81 1069
122 422
877 999
834 968
757 1381
602 780
426 1148
199 1434
74 206
437 711
1310 1379
740 1183
875 1420
268 1070
393 1207
843 1049
311 807
824 1149
89 1409
511 1394
77 773
1242 1349
42 1436
169 861
90 1065
716 764
473 589
1098 1127
134 247
183 514
327 1280
391 1164
477 571
1352 1384
1381 1388
334 1261
584 1080
758 787
498 1245
1124 1427
792 1396
1136 1207
172 423
345 1242
227 569
336 495
791 1253
140 1107
1404 1439
121 989
286 1004
321 1374
169 1434
215 670
1100 1131
152 713
717 835
22 591
1295 1433
20 208
12 626
1108 1163
366 609
806 903
1400 1436
173 532
285 749
60 979
393 602
806 950
1314 1396
99 916
696 1297
882 1185
561 923
64 1406
579 1218
919 1010
454 977
971 1367
45 906
1125 1337
561 1044
190 1180
838 1262
423 841
1294 1301
233 653
155 1035
1121 1396
88 582
1173 1205
1254 1418
750 1272
1431 1440
407 920
1150 1360
931 1083
397 407
1074 1398
365 664
969 1144
447 630
272 1404
897 1399
1092 1352
415 491
462 1186
511 1305
899 935
1236 1271
382 1239
1241 1267
349 1252
477 1245
981 1379
1165 1205
957 1294
860 1180
96 1005
612 751
871 1420
79 717
740 1058
271 858
1036 1133
517 555
607 1068
225 793
681 1336
1389 1424
1370 1395
1151 1343
49 687
733 1018
302 373
1351 1359
687 949
639 1416
1391 1394
438 973
1334 1377
1371 1411
289 1278
697 990
1416 1417
489 726
1038 1339
1169 1289
816 1343
209 217
407 902
1355 1377
135 588
736 788
921 1145
1189 1388
943 985
1012 1315
1101 1440
1254 1433
1130 1391
509 1398
328 510
56 680
512 806
735 996
1009 1146
807 1430
1378 1419
485 1008
668 1022
137 1357
66 1280
258 749
541 843
1069 1100
8 190
1386 1436
371 680
725 792
777 1108
1153 1259
997 1177
911 1032
890 1242
204 682
1433 1440
102 1405
118 1228
839 905
802 947
897 1030
651 777
1041 1227
107 294
542 846
751 1279
866 1350
814 1199
167 487
939 1104
1292 1308
450 598
109 1251
562 1314
493 1400
1306 1308
952 1220
1436 1437
371 1058
944 1005
1019 1151
506 823
663 1433
351 491
1376 1399
1099 1319
212 1307
246 1219
529 984
455 1048
1100 1416
419 760
1110 1286
585 1194
892 1217
1353 1365
1216 1269
1401 1419
1191 1272
355 749
1109 1123
1063 1234
270 1131
871 966
1313 1359
150 856
1404 1407
293 482
1432 1439
793 1289
532 1082
11 893
1068 1268
324 484
553 716
907 1347
140 375
68 659
1000 1417
1196 1356
1104 1329
660 865
855 868
463 1034
431 467
1268 1397
639 1031
1361 1425
1283 1385
1155 1363
330 986
896 1403
322 1050
714 736
100 260
564 831
512 928
198 581
1355 1426
314 1232
425 458
749 1137
888 1279
652 1069
991 1434
317 421
632 946
659 824
222 899
218 534
1212 1267
1135 1329
337 1387
320 907
325 698
536 739
1283 1315
178 1287
1316 1393
457 961
296 753
1250 1358
266 382
1165 1377
73 336
448 663
350 509
766 1360
718 1398
989 1020
1122 1133
965 1161
323 457
517 618
775 1277
192 364
785 1425
1162 1208
535 1131
300 832
1023 1348
145 670
1227 1307
1301 1414
474 881
1383 1420
439 1194
375 729
775 1172
396 484
1355 1395
26 542
960 1313
1029 1400
800 1065
1276 1355
226 1215
1410 1430
575 1129
384 727
918 1378
780 1123
1074 1099
414 767
751 1408
1375 1424
1428 1438
28 1046
809 885
780 1174
1281 1333
520 1336
833 897
1299 1343
731 1066
66 1357
1108 1369
1090 1315
529 663
779 1238
1281 1400
946 1145
1357 1385
1170 1195
409 639
594 676
514 1010
807 1305
781 807
146 801
299 307
333 499
284 517
519 1168
662 1430
269 358
28 1352
948 1129
1239 1319
787 976
1219 1298
1331 1430
1201 1367
129 538
1382 1416
102 1225
435 1329
549 602
1267 1353
339 663
1392 1407
1172 1283
336 1324
1272 1276
1039 1135
764 807
195 817
245 980
962 1210
1357 1434
1182 1404
104 813
1356 1389
1035 1334
785 808
949 1048
1255 1391
849 870
544 709
508 659
784 1173
1085 1138
531 1391
1092 1246
183 336
276 628
875 1160
973 1162
431 1200
104 172
759 1144
1121 1127
862 1355
620 1156
431 1033
1175 1384
156 435
837 1090
546 1089
504 1315
283 588
1210 1396
559 714
1293 1433
1330 1383
999 1272
29 77
1073 1085
639 1253
901 1005
915 1316
1384 1398
802 1111
551 689
1104 1324
1183 1326
91 96
666 1229
553 1124
919 1397
312 483
1350 1413
854 1020
761 1243
463 1229
374 767
836 937
1124 1289
1435 1439
596 725
561 905
180 1241
1117 1315
458 919
1062 1270
1366 1421
78 528
837 922
1222 1244
920 1031
949 1334
1372 1432
1372 1411
76 756
566 683
618 980
453 1353
451 829
1304 1344
354 996
681 1431
1264 1323
88 1384
291 1357
1206 1283
946 1348
1319 1397
166 368
1236 1427
1267 1288
25 966
1052 1431
1036 1256
688 958
1387 1412
1034 1127
207 993
1134 1356
802 889
744 1353
216 980
1299 1377
658 1133
893 1030
642 1360
750 1027
1095 1148
1064 1069
435 1374
988 1177
936 1342
331 1009
994 1285
221 1407
885 1307
159 384
633 741
711 763
1142 1299
1072 1338
129 1105
1296 1374
1122 1128
537 1367
1172 1313
1221 1222
101 923
1129 1283
488 918
1400 1412
722 1044
1084 1391
411 574
1343 1369
731 1112
966 1215
1186 1436
1023 1080
1029 1264
1112 1402
507 629
528 668
1148 1317
287 1253
1084 1096
1410 1412
1416 1420
1133 1376
383 1372
1397 1428
80 432
956 1170
424 1096
689 925
38 835
1075 1215
1108 1405
556 1188
949 1289
814 1217
488 1375
891 1074
1194 1249
302 955
109 1364
127 232
1151 1174
806 932
1289 1310
1189 1385
981 1126
35 1086
255 703
1315 1413
569 1282
1034 1088
357 811
1357 1368
1350 1379
863 928
199 808
635 938
947 1251
839 1151
1075 1106
265 1214
1050 1233
52 898
749 942
1093 1164
1291 1429
259 840
1025 1068
541 761
740 1092
1007 1081
1091 1371
773 1131
1194 1364
683 1184
1428 1436
388 969
1188 1276
705 1263
251 512
1430 1432
327 970
949 1300
373 606
454 926
1158 1423
984 1203
327 369
94 1376
677 896
863 864
775 1192
1166 1388
876 1034
583 1319
251 752
1223 1355
671 1285
1007 1102
82 1279
972 1231
152 287
88 1044
985 1095
1290 1304
654 843
238 546
433 519
817 988
582 799
300 1137
11 688
251 1320
1354 1413
1399 1431
1281 1379
418 858
445 677
74 699
166 520
1127 1341
723 831
522 1408
5 177
421 796
1217 1338
1160 1373
473 696
136 981
403 996
1386 1394
160 171
513 1027
607 1400
523 1361
1122 1188
741 1080
1012 1148
796 1068
1308 1375
1264 1334
129 1370
653 1257
370 885
850 1358
246 1282
1310 1318
611 1227
401 1349
47 158
440 1132
319 1120
714 823
332 454
746 1232
192 1143
541 1015
479 779
511 520
875 1350
987 1139
212 798
741 1330
820 1140
1301 1440
1153 1359
646 1279
1362 1380
4 734
888 1147
696 1351
1212 1258
770 1332
990 1114
1345 1428
900 1235
831 1212
800 1209
204 885
1123 1364
1375 1390
1074 1275
146 739
380 1124
923 1143
627 987
384 673
317 405
358 819
1110 1154
955 1298
779 873
1370 1407
375 851
986 1117
846 1340
572 916
83 1349
1317 1343
643 1052
1438 1440
638 970
643 1043
511 613
1073 1111
329 633
1116 1426
220 1144
136 800
320 958
1098 1279
1153 1426
1307 1386
593 1359
776 905
963 1287
959 1182
738 1432
160 370
1217 1243
544 1320
1045 1153
943 1143
219 973
109 735
1147 1316
1371 1427
1406 1436
326 1335
1231 1387
538 1428
134 222
194 560
412 1132
220 1215
1207 1256
194 394
1268 1390
868 1219
1045 1054
321 587
504 1255
435 575
257 477
28 168
809 1070
78 468
157 1364
879 1291
505 518
683 1092
63 606
1216 1316
431 706
478 1253
920 960
449 1040
633 954
414 1389
1327 1360
124 1147
880 910
1348 1440
1099 1423
1242 1327
31 694
837 844
1342 1397
330 380
185 1247
1012 1045
1099 1186
509 1044
593 1100
306 1238
903 998
492 548
791 1152
1022 1176
315 1377
1223 1389
137 893
822 1224
1155 1174
215 712
1417 1427
445 760
764 988
454 514
482 621
200 513
1116 1214
1255 1385
968 1090
615 1258
456 1300
492 728
280 706
27 126
1298 1318
1198 1281
1037 1384
6 283
234 586
1335 1413
870 1374
752 818
991 999
1099 1384
995 1426
803 1200
832 1054
692 739
942 1237
1267 1378
908 1002
1304 1331
194 1379
1420 1431
1142 1438
1379 1414
1420 1433
180 861
164 1386
941 1081
104 1039
1143 1361
668 1395
1137 1292
421 1299
375 1246
1174 1179
49 325
193 358
509 972
985 1181
1236 1247
738 994
383 680
2 310
941 1259
21 151
1022 1252
35 44
260 482
271 730
840 842
130 329
931 1176
815 1114
1079 1162
239 697
762 1288
1049 1259
1274 1339
1331 1366
399 605
1177 1257
776 1378
1101 1371
1338 1372
387 567
721 871
448 1309
224 1321
873 1416
1204 1275
1043 1408
416 1125
934 1162
75 695
791 1228
1405 1413
235 872
1229 1372
1254 1271
1230 1367
443 1038
834 926
352 693
1309 1402
276 700
81 238
234 839
905 1194
1411 1435
1133 1228
541 1225
1350 1373
400 547
178 951
882 1243
334 1119
1359 1404
841 925
772 1204
368 1190
651 1065
1165 1369
35 632
1264 1380
260 1242
392 907
1251 1320
573 1261
1118 1394
636 1231
1023 1083
741 1125
536 1416
449 1103
263 1427
124 333
55 1236
847 1302
775 788
1346 1432
1295 1424
143 145
932 1152
1058 1360
116 1152
81 539
174 579
26 895
147 474
1352 1360
673 1043
1305 1366
805 814
166 299
162 598
1063 1139
719 1140
1068 1142
1003 1142
543 1147
799 1189
161 272
1373 1422
30 869
521 1128
733 1022
115 1160
212 1121
672 1402
1332 1405
1161 1386
81 583
544 1011
1075 1109
341 1081
139 312
339 1325
1061 1377
147 626
1355 1374
280 994
81 413
1255 1316
840 1389
1166 1257
822 1195
930 1129
1341 1383
1146 1302
552 943
951 1369
8 88
1258 1360
68 358
363 923
850 1052
452 719
477 858
693 1064
124 1062
1348 1354
526 700
361 604
1432 1439
120 745
694 1347
1334 1431
189 1072
944 1381
1352 1418
226 295
712 1241
53 659
669 734
400 1285
548 1014
633 719
402 716
969 1391
296 1384
664 1283
365 1160
1314 1399
911 1027
610 810
837 1122
717 1279
1419 1423
186 1100
524 1164
645 815
1026 1408
47 349
671 1288
1350 1428
346 469
39 663
732 912
1038 1230
213 1325
239 914
455 1436
934 1120
1148 1265
1206 1299
460 505
738 813
367 653
29 867
333 874
1084 1169
997 1309
883 1251
200 909
295 620
797 1361
197 403
325 1182
1280 1310
1290 1409
758 972
543 958
1215 1373
263 280
702 1252
949 1258
691 1234
227 1115
53 1253
1082 1428
287 411
1387 1394
1405 1409
848 1262
495 935
318 1185
392 1049
1310 1419
102 1189
286 1290
479 857
271 885
1355 1360
1412 1421
965 972
625 1129
140 1310
813 1172
1068 1391
1398 1410
572 988
565 1140
814 1056
1030 1348
270 899
332 998
1042 1224
276 507
483 499
1244 1379
686 1299
852 918
728 1195
1401 1423
997 1440
376 680
483 791
783 895
185 1133
84 1422
842 854
1429 1431
1226 1352
798 1309
69 827
695 921
321 1135
922 1329
924 979
193 1376
30 411
792 1393
512 1218
152 308
280 1343
217 827
58 581
23 1344
651 669
163 1172
1216 1235
96 139
1016 1163
1089 1412
519 1000
1205 1258
291 830
675 1186
661 1213
126 520
1436 1439
1230 1379
1132 1399
1378 1440
228 1052
733 1426
7 962
221 453
132 517
174 1111
539 710
866 976
1249 1387
134 1154
432 1029
98 258
752 880
1151 1215
458 836
283 949
871 1270
1169 1297
579 1272
460 1195
186 322
1255 1436
1397 1425
1147 1436
1272 1371
1102 1162
1299 1378
1233 1429
44 1031
1318 1437
1354 1377
479 1174
550 611
1058 1187
424 648
914 972
709 896
1428 1437
693 1356
358 830
1355 1385
1359 1403
1249 1274
348 947
1075 1348
524 1344
771 1279
810 882
402 532
1387 1413
508 1126
1148 1247
508 779
624 1004
555 955
1141 1254
324 716
426 548
1345 1433
812 1290
1304 1432
330 1158
621 676
615 905
246 251
1154 1298
839 1297
1326 1388
1090 1344
334 852
187 1015
231 279
104 677
416 1117
821 1110
227 599
351 667
581 1210
700 1020
601 627
1057 1319
410 1209
311 1342
720 1414
1192 1382
871 1412
78 955
1323 1416
43 707
910 1373
698 786
968 1177
1193 1207
718 1436
1148 1329
259 523
960 1089
639 1070
430 857
131 1302
1316 1320
536 1033
1227 1295
727 830
425 1165
1033 1386
140 1068
179 771
1207 1228
445 936
303 1108
109 1321
836 1238
1252 1371
397 965
600 877
767 1138
1220 1225
90 226
972 1002
1334 1397
1277 1293
932 1076
1285 1424
325 1359
1263 1363
818 1316
338 351
543 867
383 1038
715 936
357 822
103 615
1308 1390
1235 1254
530 1302
184 632
808 1057
1283 1294
1070 1262
921 1252
734 1005
493 1367
165 1004
621 1113
108 1043
1208 1410
83 124
56 408
1288 1306
404 1073
299 374
80 137
153 1131
281 385
44 1344
542 670
585 706
799 1342
1343 1435
1275 1398
80 891
393 1262
1069 1346
915 1195
171 906
896 1334
1032 1244
73 561
1164 1260
1412 1420
1248 1346
836 1392
1285 1343
1 150
26 447
1014 1025
445 674
692 872
378 453
533 568
942 1354
255 600
405 1289
1146 1305
941 1341
427 1053
378 628
519 990
989 1168
253 583
131 828
315 1075
937 1328
1409 1433
527 736
1231 1293
1154 1279
882 1098
1215 1423
890 1207
205 470
853 1176
1043 1088
1371 1386
1154 1242
66 509
1064 1258
44 615
577 1135
817 1155
1434 1439
1411 1422
1055 1081
697 985
1275 1374
902 1109
918 1267
730 920
1285 1370
564 813
329 1045
364 1333
563 1117
516 579
1246 1335
1297 1326
886 1190
48 446
941 1348
1300 1354
213 783
503 1260
1219 1237
1273 1312
792 997
1036 1098
193 368
1054 1199
150 1233
1188 1420
624 1059
914 1301
300 1371
43 675
1423 1437
1263 1345
247 343
1153 1288
31 997
676 712
976 1119
277 569
368 770
1133 1156
1429 1437
1369 1439
825 1436
142 265
638 1062
1184 1349
1435 1438
255 1104
1176 1212
1229 1360
189 469
722 1096
165 271
482 944
923 1249
663 1198
900 956
1186 1432
1167 1419
90 873
1241 1410
970 1357
46 109
200 568
573 1357
19 1065
483 892
1098 1400
1221 1222
782 1025
1432 1436
851 899
503 730
301 473
926 1297
168 620
25 1262
853 916
292 883
381 832
898 1153
982 1271
1227 1343
570 1272
1432 1434
136 762
789 1020
469 773
1275 1294
504 1005
1064 1170
127 565
555 850
260 822
331 569
349 1353
232 681
30 459
747 1255
925 1323
1041 1341
500 970
816 920
6 449
513 610
785 952
159 672
424 823
193 927
801 1409
295 847
14 631
577 664
1001 1344
431 1321
162 1408
917 1392
382 979
585 895
722 755
1383 1425
387 920
1209 1228
1156 1181
723 801
1261 1407
319 1196
515 537
368 1041
1153 1286
1106 1245
740 1164
1128 1131
157 250
224 769
184 1033
664 973
384 949
726 917
96 274
203 1075
623 1053
12 1140
178 448
140 209
270 745
1017 1408
435 723
1330 1341
885 890
585 905
202 203
306 776
100 852
100 1401
84 821
1142 1390
854 857
898 940
456 458
726 1178
431 601
1416 1435
707 789
1112 1402
1280 1425
588 1052
1381 1414
1031 1412
854 1257
186 1005
1324 1405
277 612
1172 1330
1308 1336
48 997
1226 1389
1017 1164
117 135
1290 1296
829 1193
356 1024
21 968
381 673
791 1290
766 1237
880 1221
1103 1412
1082 1096
178 339
1400 1422
1392 1413
159 897
311 612
1347 1376
13 785
171 531
665 980
283 1127
209 871
345 906
27 933
1065 1105
681 711
669 1136
72 970
428 958
456 540
450 1280
1125 1312
1415 1424
352 867
527 617
956 1356
425 605
308 1308
1296 1305
1333 1342
1279 1417
727 1043
402 1227
170 971
157 340
908 1138
154 473
437 1218
46 195
264 280
239 972
814 1433
1198 1269
892 1185
289 505
550 1073
1020 1178
139 554
531 712
1327 1400
570 807
1095 1332
191 1397
623 760
489 606
1030 1267
138 572
656 1388
666 981
176 391
198 718
25 341
817 917
1289 1306
259 558
1210 1354
1416 1424
622 804
70 524
1099 1110
944 1123
971 1286
223 466
390 642
744 1053
204 1267
125 300
276 996
1208 1315
565 769
735 812
912 984
1390 1405
608 735
1419 1433
876 1092
1140 1232
589 1415
672 1296
566 996
1315 1423
1091 1284
1308 1371
818 839
781 905
790 1051
375 1164
727 1372
34 45
759 1062
864 1431
312 480
871 898
92 1203
185 1381
1391 1435
600 1130
836 1374
1276 1352
918 995
1014 1172
784 1017
900 1081
377 1218
1345 1364
905 1379
1399 1400
1311 1421
510 1353
191 1077
1207 1432
199 1318
1426 1431
1329 1385
269 292
1240 1437
13 695
1282 1333
377 719
1208 1367
343 825
839 853
1367 1392
432 1326
45 1090
749 1041
2 257
522 1124
1105 1321
1054 1423
451 566
106 394
587 1100
1279 1336
1156 1411
634 1117
1361 1413
961 1084
1172 1343
27 280
697 714
393 1080
1275 1320
880 1243
330 1430
979 1235
930 1117
635 914
1161 1188
768 1258
1086 1361
789 1046
632 1222
52 102
1436 1437
205 1138
929 1060
967 1035
212 659
1097 1196
902 1250
384 868
194 1087
759 1047
849 1146
398 570
1293 1345
751 1156
1140 1414
379 511
741 759
980 1072
1341 1430
585 1381
1203 1434
259 783
33 1210
652 810
82 708
298 947
179 304
595 785
783 888
1241 1369
118 1319
31 934
613 967
1134 1410
446 486
581 1230
1263 1323
835 1268
1023 1063
284 1392
977 1211
617 758
298 690
286 1357
1223 1385
1387 1425
1346 1410
572 1227
15 919
894 1179
1192 1254
151 751
876 1097
1085 1104
732 758
675 869
67 1091
1049 1114
539 1284
1386 1400
96 124
1203 1371
685 1195
671 1004
709 740
698 1097
929 1147
1277 1368
448 1063
298 638
1432 1435
1041 1170
1074 1234
1066 1201
412 910
496 1046
441 1265
1033 1185
522 733
508 559
1076 1440
1084 1350
872 1182
412 578
150 500
25 592
659 1286
1043 1358
1128 1368
1316 1367
510 1440
155 1129
212 595
1267 1424
1402 1430
891 1188
5 63
678 1393
1320 1411
826 1196
1399 1417
543 796
441 1070
1224 1257
1026 1064
870 942
623 1434
320 1327
1374 1411
424 734
664 1367
444 616
814 1293
1328 1400
1296 1374
338 1221
460 1423
12 66
944 1236
780 1344
515 1376
330 713
1401 1429
1150 1301
485 1135
1374 1384
448 793
639 745
311 836
480 648
123 848
1046 1173
709 1210
91 167
710 831
727 1014
259 567
382 1091
677 1043
424 889
433 1262
264 1341
1072 1282
727 1353
171 1381
690 1253
272 364
115 757
1308 1311
1168 1210
969 1245
57 1100
575 608
171 1072
1036 1349
1365 1382
745 1259
371 850
1289 1415
651 830
1378 1405
293 607
1019 1133
24 790
768 905
1312 1323
1423 1435
183 1132
1197 1255
451 716
724 1147
1390 1397
266 1203
1114 1163
552 970
780 1087
655 974
445 717
612 1266
476 1283
1115 1280
440 1129
117 209
788 923
1271 1367
8 404
368 1248
791 910
1020 1179
611 1269
1001 1200
1300 1407
548 955
943 1140
81 1136
352 537
172 524
633 1338
596 1037
971 1253
861 1339
1215 1291
365 1295
476 1064
638 894
474 847
815 1226
786 961
238 704
345 1031
1027 1127
843 1003
929 1190
1430 1431
211 875
771 1190
983 1233
200 1251
744 871
141 1083
451 724
971 1070
171 952
1352 1418
1102 1158
1307 1357
1031 1243
61 856
491 878
733 914
1257 1424
680 1244
1147 1274
1392 1409
1383 1434
1347 1406
540 779
777 1163
438 495
771 849
1145 1243
1235 1336
1349 1422
242 1123
1042 1397
1371 1428
1299 1350
97 1077
933 1225
1190 1291
539 1388
1144 1395
1251 1257
835 1254
546 1083
777 916
23 1431
845 1345
1277 1364
699 799
693 1023
751 1071
330 1206
566 925
1248 1303
151 540
248 646
273 651
177 1055
856 965
1157 1211
521 1377
280 874
878 1112
193 702
1359 1411
359 402
1428 1435
335 746
675 1374
553 749
1249 1427
361 547
75 1350
1419 1439
248 1130
903 1409
182 317
1051 1334
665 1060
341 612
749 1381
851 1323
884 1330
552 837
266 1437
1357 1421
264 400
1198 1243
1284 1369
1067 1176
212 750
161 717
31 1186
1135 1345
455 461
1131 1224
285 587
871 1382
1344 1426
289 412
229 1074
805 1024
784 793
996 1311
1269 1293
492 1047
270 608
295 661
1179 1302
781 930
1056 1091
629 996
570 1241
124 276
118 426
850 1433
664 874
617 1279
372 549
1395 1435
865 918
1361 1374
1145 1362
606 1221
1056 1303
1378 1391
368 980
361 685
853 996
1433 1435
763 1183
991 1405
1397 1427
1237 1401
944 1167
173 199
312 502
981 1062
654 894
1146 1351
1161 1414
11 47
761 1261
836 1427
1411 1419
1177 1338
209 809
141 1184
169 297
316 1431
559 1018
510 576
1162 1354
1050 1052
1105 1169
1186 1418
659 1317
858 911
1281 1356
520 689
583 1208
361 1399
484 1263
265 1016
1337 1422
88 544
955 1162
745 1294
855 1372
933 1212
1212 1214
683 1302
531 1368
427 981
541 1205
38 1070
606 752
360 378
947 1329
1036 1294
11 908
6 1061
591 810
313 890
1133 1222
623 1252
983 1430
1317 1394
736 885
628 1298
1025 1316
1044 1384
78 972
480 1352
99 275
305 752
831 891
330 404
260 782
206 1266
1364 1396
956 1395
903 1410
437 1152
24 682
203 738
1245 1302
1161 1262
1345 1378
337 530
601 1287
1227 1244
592 1128
1086 1275
19 1402
1382 1395
1384 1388
540 652
243 1270
1245 1404
116 510
20 923
1197 1247
1055 1189
1253 1429
1408 1423
480 1005
1040 1186
167 173
1085 1208
862 1401
604 1331
455 735
629 1367
1212 1317
1311 1323
93 182
1343 1365
1061 1144
810 1001
17 1242
1347 1373
793 817
806 1141
757 1141
506 740
1269 1291
1262 1385
778 1368
313 1077
607 780
1153 1303
1232 1245
1258 1285
618 689
1375 1388
327 451
1222 1378
490 846
137 618
276 1305
1203 1374
454 593
301 1396
512 1168
1295 1360
1147 1294
1243 1296
1193 1313
1234 1269
898 1222
653 954
623 1040
1054 1219
94 206
1258 1270
880 1411
1267 1328
3 1220
883 1086
922 1360
324 958
459 1078
683 869
548 726
1251 1407
1372 1373
1263 1369
1332 1439
586 1286
734 781
832 1160
1221 1379
1295 1325
496 497
120 1019
563 1324
1155 1184
862 1314
1349 1390
635 724
312 511
861 1248
344 744
803 942
88 131
19 422
1153 1240
1282 1283
1398 1420
734 1042
289 1034
1116 1224
323 985
832 1262
1383 1399
148 1162
1052 1354
832 892
1128 1192
548 1139
799 892
918 1139
536 1257
609 1143
0 1377
917 1403
1229 1230
1200 1244
787 944
966 1144
1370 1438
1004 1030
47 561
378 1381
343 1163
1115 1269
683 705
914 1230
640 1053
254 879
913 1322
1252 1363
237 638
478 1036
1207 1208
543 730
889 1418
730 1394
184 1107
782 804
536 958
1014 1024
731 1195
1412 1433
520 1408
868 1247
1340 1421
183 1329
280 1409
1423 1426
706 1076
19 505
1109 1439
1324 1335
819 1057
726 1389
1370 1413
1304 1357
36 1230
30 51
190 1038
807 1075
475 549
30 499
299 961
325 525
646 943
1152 1278
204 753
652 1238
924 1359
232 991
1167 1280
1322 1412
50 1212
1215 1391
605 1173
888 1244
408 832
1040 1054
1135 1195
115 1332
299 1171
1214 1366
739 811
1057 1083
1111 1384
1398 1414
965 1054
489 739
981 1291
1404 1422
1186 1287
1324 1341
79 1056
1097 1327
1314 1394
354 451
83 1395
219 824
1203 1283
207 1322
1229 1337
1196 1213
698 1314
690 1383
423 1421
590 824
973 1165
966 997
1428 1440
394 1201
1009 1044
1402 1414
848 1174
83 540
514 1237
1429 1432
351 1095
1039 1350
951 1266
1110 1389
61 365
592 635
771 1018
734 1343
99 763
129 1300
34 324
1438 1439
364 699
625 631
949 1133
1432 1433
125 624
1234 1406
1177 1250
930 954
616 928
875 1022
1433 1440
183 862
895 1337
1315 1326
513 892
641 1209
191 768
1410 1419
1245 1361
804 1063
610 949
1408 1438
1273 1410
564 1134
1269 1327
895 982
420 1330
1374 1382
1296 1403
449 893
645 710
359 1326
65 1045
1411 1420
651 1096
1306 1362
627 975
363 1203
663 1154
362 1334
315 1252
1030 1253
925 940
788 858
436 763
1299 1416
1257 1356
659 1260
149 848
1178 1417
250 628
1239 1366
1190 1399
135 243
1154 1169
669 1182
185 1342
561 711
299 1362
934 1322
471 663
828 1283
1368 1378
878 1297
139 652
165 1402
1116 1365
1431 1435
801 853
787 1061
1268 1394
781 1027
1303 1315
847 1152
200 576
1282 1437
830 968
1090 1349
711 1382
1280 1440
916 1407
1194 1343
605 1295
56 638
1188 1227
34 1047
636 1171
752 1090
972 1414
371 592
116 1106
657 1254
42 999
416 419
1079 1416
1104 1313
1404 1423
12 1304
489 1245
158 702
1383 1415
480 984
1317 1390
247 1136
106 540
288 715
976 1181
1091 1227
539 643
554 1050
383 1116
1382 1407
1237 1298
1226 1243
236 789
534 1351
337 1029
699 1303
846 1181
1173 1194
921 1022
1243 1427
1160 1236
540 1075
662 974
147 976
500 505
470 1324
1042 1308
260 1020
940 1415
1056 1333
1089 1438
31 357
96 276
937 1385
172 539
845 1217
1437 1438
583 1287
883 1279
206 857
1405 1425
745 1061
277 1271
579 1140
464 1030
861 1362
33 918
1294 1313
215 728
1302 1432
1367 1420
104 541
516 914
521 1051
988 1421
568 1321
249 614
1320 1372
125 1174
1338 1415
883 1398
625 1120
105 410
210 425
950 1008
660 705
632 791
510 1351
460 1222
1 754
1400 1439
1184 1388
844 1284
240 471
1259 1338
1203 1375
1315 1395
98 604
567 1289
72 761
524 1295
371 767
750 1094
554 1325
1215 1275
591 818
4 1097
934 1014
462 789
39 1303
646 1422
1056 1391
522 1173
1020 1382
1410 1431
80 1381
968 1279
1373 1440
1030 1090
68 1146
1253 1334
325 1152
1016 1053
0 178
464 1378
1335 1356
1187 1227
408 1160
376 575
749 927
1214 1225
692 1292
1354 1407
882 1173
1422 1424
392 1089
611 1087
635 1021
1205 1299
979 1218
1280 1332
1169 1423
788 1389
723 896
488 1403
639 886
1152 1372
437 902
781 1388
812 1005
105 1064
358 835
81 498
1099 1374
639 728
282 521
1103 1198
1312 1374
1235 1414
360 1277
1127 1355
317 555
349 1191
1125 1440
766 1070
1213 1348
1060 1348
1429 1430
418 1277
724 1306
510 1046
1175 1310
345 381
462 495
737 1257
580 1182
585 734
456 680
1228 1416
940 1107
1413 1421
534 751
617 1382
301 1115
770 796
477 1011
455 893
1324 1432
547 1112
1353 1407
568 695
404 1164
564 1067
80 1288
1280 1289
737 1090
56 1190
91 719
1279 1402
1315 1413
471 1254
1366 1370
389 1371
1322 1380
365 1337
833 1305
994 1253
614 1008
492 645
35 1176
413 1267
410 463
67 197
459 925
659 1257
1360 1439
113 358
692 1100
1151 1357
1236 1274
584 1176
1439 1440
981 1107
383 677
1220 1426
559 1377
66 1063
871 1189
34 1060
1161 1364
1417 1426
1261 1364
893 1389
1062 1068
1003 1186
1279 1349
360 541
1004 1185
734 1284
833 1003
1146 1410
1354 1428
1175 1422
1321 1323
864 1090
465 781
693 1384
1241 1274
536 666
1215 1351
1430 1435
1047 1302
1326 1425
293 443
750 831
84 1169
579 1087
317 543
0 1386
420 1073
1216 1410
842 1208
973 1206
918 1192
457 1383
260 825
412 1315
474 1349
918 1379
683 706
375 729
822 1024
500 676
1356 1431
106 1223
1328 1416
405 469
372 1411
363 861
907 1288
1279 1438
1369 1437
1365 1395
358 530
1222 1280
86 986
1289 1390
1342 1362
1309 1353
1415 1435
503 730
444 1401
970 1297
577 671
304 1221
923 1169
787 1141
242 830
330 1050
563 1175
90 388
159 1288
1303 1375
648 1222
1017 1437
473 820
79 1425
9 1057
754 1355
45 927
592 927
1324 1424
209 257
496 919
909 1420
1002 1013
376 1102
1024 1365
457 779
573 1373
1173 1377
360 851
557 974
295 458
196 726
872 1322
1308 1414
473 979
144 1215
357 1041
592 668
33 696
486 1085
1262 1284
468 978
1221 1415
1385 1417
596 749
69 1374
625 1050
800 1281
490 1289
1290 1385
186 1267
19 1185
737 1269
289 618
985 1362
929 1031
951 1230
1335 1425
308 819
375 567
368 1148
481 675
529 1072
865 939
1283 1411
945 1038
1093 1361
692 1216
217 291
1235 1239
679 1320
512 1203
782 1261
985 996
849 1309
352 1056
63 604
460 838
649 717
1352 1415
756 1084
13 851
1301 1371
1224 1290
630 1160
1176 1189
773 1304
234 373
1202 1339
1159 1257
623 1034
481 694
624 916
463 613
63 1152
852 1220
952 1366
379 920
459 924
1336 1356
751 959
1001 1108
448 733
1050 1148
996 1337
186 246
78 210
371 1165
15 869
8 211
415 1332
258 968
1393 1418
864 1298
951 1362
591 740
726 1279
343 823
745 932
1067 1222
1437 1440
566 1035
1196 1392
137 1201
910 1050
738 795
151 668
1101 1244
155 1111
1344 1373
781 991
66 306
646 1156
522 1328
1205 1359
309 394
114 947
800 1073
116 1069
1235 1417
1320 1433
524 816
325 635
491 604
981 1058
19 555
988 1083
886 1119
865 1008
648 767
613 699
980 1089
388 471
140 904
110 483
1047 1412
1300 1391
650 961
169 1311
1284 1418
806 847
878 1134
1300 1338
90 1356
133 1080
75 422
1087 1342
1177 1403
209 1315
596 799
1237 1404
418 490
45 1219
806 940
237 570
739 1065
549 680
762 884
797 1100
447 958
560 786
877 1435
832 1163
1061 1192
994 1070
457 1300
1158 1398
1184 1246
122 814
18 783
1067 1085
719 1365
65 90
1048 1242
1260 1440
411 1354
980 1196
1432 1439
456 569
240 1030
761 992
1415 1437
225 503
740 1273
934 1311
164 319
1278 1393
199 841
1389 1437
111 1003
923 1423
18 20
86 205
1009 1088
88 550
1234 1277
1433 1440
313 1026
480 599
1245 1249
895 1219
45 993
1270 1372
61 1076
652 1130
575 675
833 966
81 802
1169 1422
150 1142
1129 1167
598 1203
1041 1304
676 1332
674 1342
354 1121
1003 1085
661 1361
76 1376
1244 1288
1344 1369
659 1343
606 1188
987 1429
1134 1390
557 570
330 1251
1241 1314
686 1019
1420 1440
732 1040
240 519
1207 1319
376 1305
1211 1280
1201 1363
830 1226
1349 1429
669 1218
1114 1271
762 1296
1214 1354
402 1422
720 1095
689 937
780 1345
458 1395
1013 1330
277 941
1330 1429
575 1107
1238 1423
705 1227
704 1069
841 1372
1291 1316
1053 1408
919 1253
651 1045
428 1009
857 1048
915 1372
684 730
747 1409
341 612
979 1188
636 1381
962 1089
462 747
576 746
550 701
827 1302
176 801
858 1245
551 808
595 1057
119 437
514 1348
960 1051
1395 1405
708 1089
130 150
438 841
1110 1395
1272 1330
444 548
927 1420
36 391
429 890
1339 1412
1287 1397
560 913
1407 1415
1380 1425
1148 1199
834 1260
507 693
277 1277
1027 1081
136 287
613 873
490 909
44 1299
759 1256
275 1098
267 1208
1014 1247
567 957
333 1305
752 915
1045 1317
864 1294
1233 1433
330 977
698 893
334 914
229 918
440 508
406 1260
1418 1421
1114 1155
232 891
943 975
114 1227
928 1021
645 1234
573 692
1415 1431
213 622
1131 1214
167 212
792 967
1162 1398
732 758
799 1236
949 1170
1350 1380
441 1421
1235 1246
1133 1269
502 773
272 1434
185 1285
940 1436
894 1179
266 1327
525 1229
21 932
571 694
940 1406
1301 1358
1149 1301
248 824
337 1059
1310 1430
1153 1214
1026 1384
130 1054
316 498
1280 1343
91 1309
393 1248
494 1290
1172 1357
1364 1395
1367 1384
206 925
689 782
33 713
1215 1298
454 692
817 867
873 1186
742 1126
110 454
1088 1417
503 1301
123 637
1383 1438
460 795
490 557
1247 1431
765 1285
438 695
941 1128
1287 1300
791 1201
100 1332
357 780
1332 1375
1411 1437
458 1082
239 613
1384 1427
642 971
722 1002
1101 1249
1430 1436
736 807
1263 1377
49 302
1416 1419
811 1320
1106 1153
631 1191
581 913
303 764
285 1239
258 1394
316 355
1097 1424
828 1034
692 968
5 666
338 1387
213 1420
76 97
48 1387
1416 1422
772 1073
299 334
1046 1291
1174 1399
249 359
593 1068
436 740
300 1200
746 806
819 1103
1098 1172
921 1292
1320 1414
224 1113
119 161
1048 1346
702 889
826 1043
102 721
998 1330
64 1350
207 420
990 1227
1046 1166
327 1056
1292 1386
608 708
11 816
158 631
866 1406
549 815
358 972
1308 1334
1315 1422
860 1196
1249 1369
136 1005
1342 1367
641 962
1061 1090
39 663
229 597
706 1235
921 1078
1037 1086
965 1282
591 630
691 1405
549 1257
248 470
404 1118
1324 1331
1439 1440
669 1269
257 719
1082 1220
1061 1343
1005 1360
91 899
1081 1259
640 667
880 1405
611 1009
1049 1143
8 1087
817 1123
1326 1380
1252 1291
181 224
160 368
829 948
1096 1275
39 1126
1116 1233
876 1386
759 1371
104 498
1090 1328
390 1426
326 418
1351 1359
236 1037
100 1119
678 1161
1365 1408
259 800
1023 1159
1071 1141
757 910
701 940
979 994
447 990
267 513
393 1139
840 1377
911 1240
1283 1363
309 361
762 1050
1023 1344
441 1305
17 522
375 1340
305 706
1152 1182
669 975
165 285
1048 1362
1427 1435
1077 1165
1037 1214
19 989
659 960
704 1432
1301 1340
807 1134
1313 1354
311 791
568 650
1099 1147
706 1333
458 744
76 323
1083 1324
977 1036
912 1090
134 1007
648 1320
1367 1414
377 1091
146 1024
419 1216
685 895
1283 1393
333 813
140 335
1267 1303
258 536
853 1153
1061 1370
207 918
1378 1417
871 1413
157 517
490 1431
154 342
169 1370
384 465
444 785
28 1315
582 1432
1303 1403
635 1131
567 727
433 790
1162 1335
368 655
63 293
245 1246
1196 1222
753 1127
153 307
364 1355
1348 1405
615 1135
22 321
50 1148
1368 1438
714 1397
1430 1433
877 1170
670 918
1274 1298
1006 1079
741 1374
183 991
285 1351
411 1329
1340 1342
220 1316
1390 1429
1045 1256
867 1224
1312 1357
352 1062
419 1136
1078 1243
1225 1262
999 1406
355 1101
1254 1303
1339 1438
230 1171
327 1018
1276 1378
1425 1431
311 700
576 710
829 1165
650 886
308 1319
339 986
268 677
393 1084
586 1392
1338 1354
526 1250
418 715
1345 1438
1049 1084
436 954
266 545
1069 1372
964 966
251 988
1410 1427
1049 1074
1003 1371
880 1031
982 1201
1063 1337
819 1106
149 1033
1195 1328
355 781
1108 1131
61 883
823 1410
215 374
1228 1418
1401 1418
578 981
342 1251
1144 1287
393 627
5 1025
901 1223
1243 1245
1211 1422
1048 1308
77 1290
1114 1265
1107 1111
455 1233
171 1094
204 1149
1118 1364
1012 1077
476 498
1173 1257
828 1206
1134 1314
1128 1185
1237 1433
1394 1437
918 1375
169 538
966 1222
151 1377
913 1362
1318 1428
240 389
1340 1402
367 756
1197 1265
491 661
607 1114
1315 1348
932 1128
39 211
492 890
901 1384
243 1214
1 105
1081 1170
891 1144
669 1279
741 1409
740 1102
501 580
629 811
630 1169
43 657
805 1149
1153 1300
444 998
109 1005
674 1430
269 393
122 1026
1135 1364
487 676
841 1288
329 1291
1239 1259
889 936
157 767
1179 1256
1270 1293
321 1381
1075 1273
646 1217
681 793
228 357
210 668
133 526
680 682
1037 1360
633 667
26 998
474 937
214 933
136 590
979 1003
701 866
1284 1391
496 1205
68 968
846 1192
1164 1249
425 1143
595 670
45 783
649 779
21 281
208 1060
1081 1230
290 712
906 1321
306 609
309 419
566 602
303 1378
126 1191
541 912
806 1330
724 1247
608 976
1315 1419
118 359
954 1427
500 870
1155 1387
169 1130
1431 1438
1280 1401
940 1294
756 1174
378 707
1331 1351
1402 1439
386 962
34 1322
284 700
1054 1275
1139 1187
714 778
1048 1188
257 1081
245 310
64 761
1430 1437
566 744
651 1019
1431 1437
848 864
294 1353
663 1083
352 898
458 1281
926 1029
501 713
1380 1396
1050 1434
12 1395
1430 1438
653 772
91 665
56 753
588 745
936 1223
889 1356
1240 1294
296 1153
1371 1424
1102 1391
1003 1255
525 1133
523 1429
263 773
689 726
1059 1236
544 1287
581 648
1408 1427
539 751
125 854
580 822
1185 1420
568 602
207 492
537 1127
1248 1286
22 1253
482 984
219 920
309 1103
426 849
1131 1318
1356 1370
482 502
407 1281
204 1346
621 1290
751 878
973 1245
373 440
357 804
365 772
225 450
758 1401
1008 1084
598 1384
1056 1217
1002 1089
629 1331
267 1002
130 1357
89 1249
251 1322
529 1110
955 1409
918 1112
1182 1408
825 979
158 793
186 1203
1213 1391
1005 1123
1396 1412
401 1159
17 921
288 1402
744 1043
29 563
232 609
338 603
489 1179
755 1355
1075 1395
395 1087
349 904
778 1306
1161 1329
1047 1367
860 1423
856 956
1360 1366
481 653
465 1172
509 557
853 1344
798 1318
1078 1433
315 1030
1010 1385
1241 1303
647 689
1169 1313
591 1057
1338 1426
1276 1405
1362 1368
568 1220
1145 1220
1083 1209
649 868
545 602
263 1049
261 1332
1319 1356
498 666
463 678
336 1117
1098 1416
867 1435
1279 1281
1046 1382
1147 1411
1170 1220
794 981
1093 1429
1016 1242
535 1134
507 1137
543 1049
1110 1348
690 1189
1219 1255
1051 1438
1210 1379
594 608
280 962
726 1065
1387 1415
719 1019
194 655
1423 1438
841 845
838 1228
1435 1437
81 281
1157 1192
53 1101
272 1068
289 453
739 1036
112 843
1127 1235
882 988
1108 1315
170 236
526 569
986 1322
1122 1360
304 564
1041 1362
974 1096
452 777
797 1064
1141 1205
982 1385
1356 1363
482 888
394 639
768 837
262 768
843 1322
113 1400
1128 1233
876 1207
579 790
777 1364
774 801
643 971
727 1130
54 338
209 1277
373 931
934 1268
1181 1430
1104 1391
245 395
373 1120
765 1440
212 1223
814 1015
523 1102
7 668
1021 1082
1132 1335
1133 1391
155 323
690 703
313 331
947 1315
1383 1408
380 972
663 1113
150 272
494 624
35 1127
59 767
1178 1317
470 1198
842 1273
843 1048
1294 1390
1409 1432
361 696
648 1262
1242 1405
1416 1418
304 926
1257 1439
235 821
227 1288
461 1207
1279 1394
552 763
1227 1326
1317 1420
1353 1367
1387 1422
338 1408
787 1218
409 1130
828 930
1239 1388
745 934
348 1051
62 591
695 916
1080 1231
969 1012
1119 1148
1055 1172
1103 1114
694 1381
226 1407
757 926
2 1335
1260 1307
490 674
12 629
1227 1329
202 846
1030 1273
1343 1391
34 982
1438 1439
322 1131
88 744
283 758
1202 1400
1409 1421
456 1016
363 1303
526 887
1290 1344
283 922
1389 1419
623 872
502 654
878 1265
551 898
1369 1438
136 1121
545 1047
78 903
457 581
1297 1388
1398 1409
140 293
141 798
364 972
670 1417
291 503
725 1216
1303 1423
1231 1367
966 1179
840 1062
798 1142
644 827
502 1388
1027 1061
1115 1165
629 831
24 1422
867 1232
951 1353
1402 1406
112 253
794 911
1015 1251
560 1269
957 1258
163 892
1045 1440
115 417
656 1064
508 1073
743 1355
1342 1389
701 1383
1267 1354
1141 1249
1003 1232
174 485
1080 1379
1298 1433
1217 1320
754 1247
780 1091
326 1293
223 1393
431 579
705 1396
850 1271
352 766
1367 1412
725 916
836 1217
751 1046
977 1021
550 1070
1252 1430
944 1293
96 195
89 880
658 1412
465 1326
1094 1358
728 955
1066 1359
1329 1381
1406 1426
1310 1337
829 981
287 1335
1433 1440
1297 1313
170 991
73 1101
247 634
1213 1293
1173 1385
888 1084
273 1196
1056 1356
1052 1057
1398 1417
931 1134
1191 1290
167 909
925 1098
784 1423
181 1310
799 1225
667 1046
1425 1435
290 817
393 489
1087 1228
700 1045
122 1203
636 996
568 1267
566 582
520 970
1362 1380
495 660
44 717
642 1096
87 1344
660 1139
680 1115
1400 1426
1200 1410
865 935
451 985
1276 1306
287 860
137 1261
330 355
765 1351
1333 1435
915 1146
1306 1392
509 864
425 942
1283 1329
130 236
706 1028
534 1253
948 1384
1358 1432
1417 1430
236 1342
1005 1204
286 801
172 221
29 703
1345 1421
728 956
1084 1382
167 1017
1314 1350
1059 1438
1200 1214
221 470
136 496
59 942
697 722
923 1381
710 1003
429 530
367 546
1355 1391
21 1319
620 1320
815 1013
670 927
23 814
544 1021
999 1081
732 1368
352 929
138 416
129 604
655 1291
966 1320
228 257
552 1293
964 1383
1022 1194
244 1212
313 469
375 479
940 1414
389 1440
655 1403
63 892
1245 1382
651 896
279 1257
1098 1295
338 510
1036 1207
1068 1395
298 306
47 1174
646 1385
644 862
1115 1289
539 910
1229 1434
1234 1356
1111 1207
225 1027
1120 1284
704 954
1426 1428
444 1062
703 1144
1204 1316
1244 1413
450 1432
1269 1403
1121 1365
1407 1434
57 803
808 976
1002 1376
776 1194
932 1009
494 1215
823 1108
399 905
1102 1216
593 1250
678 797
1232 1267
855 1304
1416 1431
111 841
778 880
903 1109
1300 1344
1347 1359
825 941
1241 1280
482 1408
794 817
872 1436
60 192
742 1267
37 267
790 1272
1318 1350
1221 1313
801 916
736 1213
254 738
867 1290
126 243
68 1263
795 1384
1286 1308
1208 1287
358 1126
316 351
704 1119
506 1100
1150 1243
369 666
412 1007
494 1295
498 1159
406 806
190 419
1066 1104
116 873
1132 1317
826 874
165 456
628 735
164 241
876 1177
166 677
1370 1386
348 808
1083 1351
539 1088
747 1371
791 973
47 366
275 855
1429 1431
977 1335
1245 1388
509 1375
880 958
481 1207
492 1225
960 1324
730 1255
1293 1326
1306 1424
602 782
820 1365
412 565
723 870
920 1067
334 931
1171 1221
104 1159
1079 1381
167 1290
1336 1350
284 496
739 1000
1097 1316
886 933
308 1281
1120 1238
861 1339
797 825
704 1316
1373 1416
68 968
194 1322
1394 1436
1391 1419
212 1063
20 228
609 1095
812 1181
930 1152
888 1161
1322 1433
1124 1309
1171 1344
554 585
996 1224
144 1361
509 1438
1335 1387
1402 1406
281 311
429 1405
1313 1420
363 545
321 520
248 1069
794 1179
935 968
400 769
1220 1437
876 1387
1424 1434
1435 1440
1198 1284
174 1413
403 592
569 1384
971 1229
517 525
59 828
168 1403
789 1338
143 1200
207 949
318 710
1338 1421
190 453
1311 1413
116 781
1120 1175
413 1202
229 970
1435 1436
542 1193
973 1193
1152 1298
434 707
536 617
1165 1247
1277 1317
569 1245
623 1301
369 1128
594 1018
1179 1235
186 1265
435 642
1080 1304
134 1007
1157 1170
1095 1148
193 405
223 284
1234 1395
1353 1399
532 1217
78 562
437 1293
1090 1380
1340 1430
1205 1206
1017 1183
1426 1427
977 1085
686 1137
117 1039
1001 1310
55 782
712 1016
465 1405
910 1253
689 1278
181 849
41 1022
1410 1420
997 1137
1248 1440
645 952
358 825
1398 1422
1242 1406
1312 1360
552 656
1141 1220
805 1365
1339 1351
928 1435
941 1082
657 737
467 1121
889 935
447 982
559 1248
870 1205
1396 1422
1347 1353
1175 1246
890 1234
827 1042
927 987
366 966
311 709
1352 1419
368 1089
632 1117
1050 1282
813 1414
530 975
76 131
911 1234
1201 1343
712 794
1178 1242
307 939
14 1158
555 1177
235 373
877 1260
943 1350
416 723
873 933
34 192
11 152
234 1106
583 1342
1160 1344
78 911
1328 1434
736 1205
1023 1182
1062 1126
1309 1325
1141 1423
1110 1396
161 319
907 967
295 543
490 1055
668 1310
4 1151
249 789
664 1122
529 589
438 1389
43 1275
629 841
156 833
1371 1405
191 1293
860 1376
167 1092
1396 1418
480 1150
1174 1360
14 850
26 318
918 1373
607 1104
1099 1337
1340 1419
1162 1205
539 1116
131 1263
422 622
1435 1437
1182 1191
585 1034
1179 1267
962 1302
414 785
1127 1282
732 843
1266 1313
954 1239
699 882
1307 1361
738 1330
853 1014
778 1036
1324 1439
127 1077
811 1437
1207 1427
110 559
194 197
980 1073
123 875
1348 1432
1329 1410
687 1265
1224 1377
367 522
1156 1173
1318 1439
730 1172
1131 1157
1247 1377
1010 1016
1088 1329
242 311
753 1079
399 793
1230 1424
303 859
565 1333
1310 1422
701 1357
431 813
1050 1125
904 1091
906 974
1054 1148
1387 1415
594 1402
585 606
1108 1325
377 608
225 1391
1259 1414
1295 1367
217 482
347 945
1096 1420
79 495
228 284
742 897
781 1316
1149 1383
782 1257
535 731
783 1165
219 1041
742 1110
1290 1336
961 1252
724 1434
387 420
65 1227
548 1213
645 1194
1242 1337
1305 1392
1104 1322
522 1221
678 1242
55 1358
1053 1113
729 871
1171 1181
939 1408
1351 1354
142 285
302 844
1310 1407
217 826
1243 1284
97 693
948 949
107 419
400 1362
332 1402
331 757
1194 1256
1098 1374
638 796
1208 1416
1312 1319
1411 1431
562 728
821 1256
24 504
1430 1435
289 495
387 735
499 810
1158 1355
55 482
329 1361
1376 1400
983 1428
1379 1434
1050 1097
831 858
810 1408
1202 1252
1348 1391
1157 1236
791 1430
818 1171
831 930
77 151
673 1357
371 1255
1419 1424
904 1436
450 1018
1173 1349
300 1265
950 1412
377 413
1101 1339
249 1141
1393 1412
1046 1330
27 1066
557 985
925 1145
248 853
1012 1016
1362 1436
378 1329
1026 1113
1253 1416
845 998
535 851
1384 1407
1325 1342
1439 1440
898 1185
100 1355
1263 1402
66 997
728 818
220 1425
104 1364
117 327
949 1161
253 309
1090 1137
218 1380
873 1336
1080 1146
1263 1400
1063 1366
1105 1137
1075 1125
658 919
1393 1437
609 758
517 568
4 571
1173 1436
649 1407
124 1181
969 1039
855 1150
1251 1312
497 722
531 667
704 1123
1077 1082
569 1197
910 963
1118 1209
162 254
1153 1429
632 804
433 617
1292 1404
858 1156
924 964
777 1136
405 1384
291 896
865 1430
1090 1426
1303 1372
1349 1436
623 787
1075 1406
534 833
1167 1289
766 771
6 221
871 1371
53 1431
1357 1404
643 874
1347 1362
1081 1243
1052 1319
1377 1383
605 1122
281 971
699 743
1078 1198
44 278
196 894
366 979
472 1281
383 688
1269 1423
1416 1424
708 954
538 1071
1410 1420
722 1112
211 1151
624 760
87 1167
1327 1418
157 506
370 1427
956 1062
279 768
693 892
381 541
1339 1367
102 1214
652 1371
322 1374
889 1032
1397 1427
26 347
357 530
512 719
247 437
1067 1124
540 1345
1273 1419
1205 1406
288 525
130 164
1272 1315
949 1107
1008 1313
818 951
381 968
1001 1219
1395 1439
6 666
1341 1370
800 1139
437 802
1331 1353
945 1382
42 794
763 805
288 296
705 1351
665 1363
33 1070
577 1031
983 1037
970 1207
1016 1030
1170 1414
1280 1323
1366 1370
483 1339
832 1274
1251 1363
1124 1245
181 501
216 228
293 1126
612 1015
156 993
356 1204
776 1415
187 1047
546 753
713 1119
854 1035
488 1068
323 1026
1341 1369
1290 1307
1040 1094
768 849
481 772
418 653
1378 1407
51 337
317 724
24 616
771 775
564 711
155 202
1330 1424
39 418
13 223
179 276
1438 1439
1038 1148
667 1247
771 1174
115 626
1326 1399
805 1065
220 763
784 1424
625 1343
1317 1388
909 1190
883 1419
1196 1427
1149 1249
1189 1237
1356 1437
658 1253
1417 1421
649 994
1132 1332
86 1346
178 1134
685 971
126 1342
879 1333
550 939
1265 1304
582 748
638 964
41 916
263 963
1155 1350
107 807
381 567
1024 1380
1100 1300
1013 1430
1230 1349
201 650
1271 1373
1216 1383
1426 1432
1406 1433
117 505
948 1173
326 990
710 1395
210 1259
591 1384
63 156
35 979
1428 1436
505 1355
846 863
1171 1221
691 718
1433 1438
1168 1234
1370 1439
11 650
1422 1440
1115 1386
1167 1282
1124 1434
1276 1429
18 1218
605 626
138 266
1403 1438
306 813
594 1136
98 351
1333 1395
505 753
711 975
27 962
1058 1308
1429 1434
175 818
1333 1380
1398 1402
913 1424
890 1092
592 1183
914 1217
790 1117
310 1364
255 905
1387 1439
646 1338
183 550
188 429
64 402
760 1144
261 1036
355 934
325 643
217 1344
1270 1277
35 1052
1123 1236
705 1402
1332 1341
436 1019
151 572
1363 1368
501 955
0 768
694 915
3 724
970 1198
268 856
39 814
1219 1286
1397 1411
1038 1083
293 1394
542 1341
1248 1399
1023 1177
847 928
423 898
706 1303
170 1076
679 1002
240 263
153 885
380 1244
295 1089
565 988
97 713
716 1235
595 1097
821 938
29 71
309 1278
1368 1395
867 1100
463 524
255 562
1301 1393
818 1177
1028 1344
1282 1293
507 542
578 1356
954 1202
483 1119
783 1399
972 1289
1365 1419
70 1094
561 688
345 981
618 918
187 714
118 225
1095 1147
934 1159
235 374
646 1000
1214 1356
936 1061
539 881
758 1258
208 1249
1430 1433
753 1102
556 1068
783 1173
1075 1102
486 707
1166 1184
570 1064
1188 1229
882 947
1043 1087
331 686
766 773
1151 1415
1114 1192
59 700
242 406
340 392
376 1304
274 1100
251 1191
1028 1402
824 1306
427 635
1159 1388
1038 1438
794 1352
1228 1230
1185 1206
121 549
505 823
617 950
813 979
918 1357
520 1278
623 1349
1204 1331
1372 1435
1425 1437
1413 1429
1368 1376
86 1074
409 617
738 1371
453 862
591 827
837 1363
762 1085
1318 1388
296 1304
1057 1328
63 495
1237 1392
1069 1352
1021 1362
137 666
1069 1168
935 1387
686 1272
573 1118
910 1048
920 1127
161 892
790 1133
622 1350
1335 1411
684 1387
1114 1238
44 943
800 1025
679 1428
1313 1365
1203 1408
1110 1179
1116 1387
745 1346
366 407
1324 1385
1269 1345
612 715
953 1294
1219 1362
92 690
1298 1405
342 1058
1407 1434
672 1094
1341 1396
1402 1423
336 1089
200 1273
535 552
812 1075
98 285
996 1430
601 1294
0 1360
45 1309
1116 1389
326 935
322 768
269 398
68 1256
674 1010
109 1158
1245 1300
1193 1402
524 618
866 1264
1209 1244
614 1214
37 449
401 1261
810 1055
1114 1279
1208 1327
491 1425
1004 1331
366 697
661 667
1150 1264
1152 1403
1158 1299
807 1186
487 909
1283 1372
970 1081
595 798
92 647
1421 1424
1401 1411
922 1028
1135 1353
691 1170
1416 1419
1041 1268
975 1016
1395 1410
34 564
559 1348
287 1103
434 908
1150 1303
758 1135
1158 1291
395 780
930 981
559 749
791 1176
1406 1420
1262 1415
826 1013
322 1156
1400 1434
433 895
926 1317
901 995
937 972
892 1376
197 707
436 1061
965 1028
455 877
1097 1347
911 1366
608 1306
551 1345
63 643
1032 1140
1082 1125
1336 1391
894 996
1127 1179
280 1353
68 142
567 907
804 1030
1381 1406
1014 1291
434 889
1243 1388
859 1131
156 734
1044 1154
897 1137
16 1408
1248 1431
810 817
172 1177
1212 1355
337 588
1101 1157
156 1313
148 638
311 1434
639 675
311 519
1258 1295
651 1422
586 925
212 649
666 1170
619 980
449 956
783 1368
389 1232
609 1121
845 1176
540 1134
450 720
596 1120
771 1437
19 386
1142 1405
1157 1244
1388 1421
1315 1325
1349 1392
1355 1386
211 243
1416 1422
180 463
1252 1362
1067 1199
67 616
451 924
621 727
340 397
1028 1045
1244 1317
1292 1409
383 1329
237 1349
1037 1272
1324 1387
45 206
352 873
1248 1380
439 1307
103 962
1317 1333
267 317
298 1244
1311 1359
1105 1405
1305 1414
739 776
1268 1356
403 1088
497 1420
353 926
823 1267
520 1083
173 616
620 1388
1139 1167
1051 1225
411 1067
1025 1253
1376 1420
78 1227
477 1299
972 1377
227 610
33 106
136 821
530 667
508 725
751 1370
619 664
768 1172
870 1269
16 481
235 1342
517 745
1224 1325
1164 1174
1385 1425
852 1060
684 1198
1101 1311
481 1130
342 620
1154 1227
1057 1385
56 273
1011 1288
479 881
220 1192
293 686
1330 1422
271 635
798 1211
406 909
1018 1405
686 868
446 1070
839 900
380 493
1094 1145
427 719
282 313
662 864
1002 1246
1093 1263
297 1107
1201 1409
30 370
726 1405
376 455
1203 1378
1373 1411
703 1102
983 1192
172 714
1336 1400
979 1059
289 547
407 524
277 1399
831 1406
265 539
295 501
1002 1089
848 990
1071 1253
1149 1412
1023 1188
1150 1376
757 953
341 557
1099 1120
1196 1233
1155 1386
815 961
402 1316
1246 1299
1265 1392
895 916
882 1134
743 822
1255 1262
103 933
728 966
925 1165
922 999
67 185
786 890
732 1023
419 1128
105 200
1318 1326
465 1082
46 1346
1294 1304
829 840
770 1125
1352 1386
603 1092
1132 1335
455 1286
1439 1440
602 897
1054 1231
1204 1356
668 904
856 1027
705 1203
1211 1421
56 143
153 1353
1334 1405
153 946
1036 1291
908 1233
831 1187
1076 1385
812 1194
1251 1357
848 1269
430 1159
1415 1435
857 1270
423 959
639 1229
1386 1403
412 947
733 955
711 1257
231 782
946 1339
859 1023
881 1012
85 1261
1209 1303
726 1365
89 154
476 1276
1087 1289
272 746
672 1060
700 846
43 1034
19 584
1014 1042
17 859
955 1036
1258 1386
472 532
577 1182
641 1136
1271 1273
201 809
73 638
333 750
51 238
306 1260
1422 1430
98 714
535 823
504 746
177 672
733 1313
1351 1369
62 1231
304 594
478 1273
133 997
1164 1301
1422 1433
1433 1437
660 882
740 1270
801 1259
520 785
96 1237
407 1424
1319 1334
582 857
852 892
307 695
542 1263
1246 1335
1048 1121
1242 1267
569 1118
1014 1046
1169 1218
154 1187
430 818
705 829
1261 1289
1157 1375
1006 1322
293 716
855 1008
1391 1419
720 874
275 1019
1152 1305
958 959
895 917
1187 1356
1390 1437
118 327
604 1381
1143 1148
958 1352
246 592
252 327
3 882
455 1359
592 937
243 852
1122 1434
1307 1321
823 939
875 989
1030 1413
949 1087
801 1176
813 1064
1082 1360
805 1136
524 658
518 1415
923 1008
1081 1282
391 744
1084 1155
838 1062
176 1140
326 1394
421 996
1411 1427
765 786
370 507
1188 1279
1365 1418
1108 1134
454 649
602 674
1038 1115
392 846
480 1078
878 1218
174 358
647 890
1425 1437
970 1381
317 1431
1237 1255
941 1071
1034 1329
653 1134
141 536
979 1305
1282 1369
1040 1343
871 1159
955 1028
103 306
286 1212
1274 1356
293 1106
811 1287
1129 1139
1415 1419
692 1431
1399 1427
147 1134
1323 1328
1361 1392
134 381
1109 1256
255 1052
1411 1419
681 998
1254 1422
800 993
428 443
911 1023
808 1319
511 1129
453 1124
1320 1337
966 1009
619 789
43 862
631 1095
1348 1400
1178 1269
164 1398
696 1433
1428 1439
864 1296
53 106
562 830
1139 1316
636 784
489 1070
77 1135
856 1093
95 898
258 757
1423 1438
203 1392
303 999
1166 1402
1122 1389
24 913
853 1186
80 727
1074 1256
1386 1423
250 1215
19 327
267 395
1176 1230
1248 1266
693 818
998 1427
936 1243
187 691
710 1048
365 1074
1258 1357
12 72
274 599
735 1174
621 1198
1141 1200
106 1353
834 1161
1063 1426
50 1387
686 1113
1171 1284
1035 1092
461 1021
721 1324
126 987
894 1318
397 621
1060 1074
444 581
919 1257
90 453
513 768
26 537
1171 1229
1010 1217
840 876
1223 1267
251 645
152 607
440 1000
262 634
674 1303
1365 1435
988 1344
1133 1300
816 1020
1418 1435
273 945
895 915
338 1380
482 916
1165 1219
1168 1228
1417 1435
888 1155
473 694
1228 1366
269 1298
1383 1397
1053 1366
807 1117
630 968
1339 1423
1363 1429
911 1419
410 536
133 629
790 1283
1376 1381
257 550
122 701
113 1372
182 1179
909 1295
503 1158
497 503
1097 1106
1364 1414
1080 1360
329 1237
349 662
741 1318
333 980
1040 1353
341 539
516 1306
1228 1344
46 478
1154 1259
780 1056
653 673
1376 1387
584 613
52 550
895 1161
68 292
771 1017
180 690
244 659
368 1390
1207 1383
1115 1318
1383 1415
1024 1262
144 1330
652 1306
946 1162
1084 1280
527 704
1097 1254
1414 1423
1204 1440
1207 1294
618 1276
571 926
1303 1432
1270 1349
1273 1419
730 893
450 472
1339 1421
451 1111
1424 1436
1282 1322
1031 1085
968 1015
527 1339
1426 1440
1350 1356
386 701
212 818
898 918
775 1351
41 1399
1373 1382
723 1083
857 1099
990 1185
551 1231
328 457
548 1156
350 356
830 1209
485 1031
277 715
950 1010
1423 1435
830 1152
936 1238
1156 1242
443 1052
393 1174
1404 1408
463 1318
798 1004
94 1209
1175 1309
1338 1407
1412 1415
580 1238
491 767
924 1388
1098 1390
785 903
1223 1300
797 1236
639 1206
1174 1358
1263 1264
562 746
844 1428
680 990
254 490
972 1105
899 1343
1265 1379
444 1356
743 923
126 859
422 1269
766 1301
166 303
113 1401
272 411
1355 1392
145 482
1348 1410
631 764
342 421
458 652
696 1010
993 1096
367 587
109 685
640 1330
1032 1438
175 1022
1160 1426
495 711
222 734
1005 1376
163 1265
149 150
268 913
52 979
763 1352
1384 1403
12 934
1076 1208
592 881
144 1143
1430 1434
118 878
264 848
1423 1430
1184 1418
317 998
927 1118
1251 1384
1103 1185
430 1125
838 1109
975 1395
89 455
510 1198
650 763
600 1101
923 1042
1336 1429
627 1049
558 603
66 380
875 1376
105 545
777 964
1056 1430
99 1362
1107 1400
13 1254
1075 1112
263 1199
355 1237
29 704
1279 1428
766 950
134 1043
55 199
1358 1391
394 1361
13 1264
758 1213
1165 1405
1425 1430
959 1403
557 913
795 1109
906 1277
1065 1306
1163 1394
391 1300
796 1080
90 1172
113 463
295 1341
869 1080
663 1352
914 1026
760 1184
1290 1322
1362 1438
369 1045
648 1192
1188 1425
1000 1219
440 1368
1131 1415
263 736
612 1425
1334 1408
1261 1397
829 860
670 1012
361 1337
1389 1406
586 1158
1352 1363
390 883
1197 1396
713 869
1242 1319
1092 1263
1374 1404
932 945
1232 1368
141 193
477 1262
523 1413
212 452
442 445
70 624
189 1132
1265 1370
31 1054
1327 1405
912 1363
590 1145
302 1321
129 234
1079 1296
272 632
62 925
1231 1424
551 1358
1208 1416
96 108
522 1345
1175 1203
507 999
1376 1415
122 1364
1266 1369
732 1029
1326 1406
1436 1437
781 811
721 1240
1328 1410
807 1072
1020 1101
1000 1321
95 490
817 1414
527 1422
761 894
265 470
1227 1268
406 444
307 595
381 481
167 584
1217 1223
1056 1333
627 913
1232 1406
219 223
583 1368
223 1314
314 1012
1410 1415
1064 1347
1143 1263
220 570
358 1320
79 473
180 677
13 872
1136 1327
1241 1340
274 569
117 390
17 1243
540 1312
267 929
1152 1280
854 1058
516 815
750 1344
873 1319
661 751
1052 1144
686 1229
583 1186
298 1403
615 896
653 868
1007 1312
41 536
593 710
928 1027
652 1012
909 1073
1224 1343
927 942
1250 1259
1281 1318
695 760
635 739
661 1115
11 655
483 487
86 216
696 1354
71 1134
744 938
1090 1371
727 1297
181 783
685 1294
434 847
805 899
1219 1405
1189 1257
837 952
717 789
1255 1398
456 1228
1192 1273
1324 1421
1348 1435
991 1071
1153 1349
440 1255
225 1197
888 1273
676 1193
1322 1326
1292 1379
231 1305
408 718
322 1017
1001 1238
35 953
1067 1387
857 1338
803 856
359 948
606 917
690 1071
159 737
193 1394
799 1116
1343 1439
375 1224
79 282
847 1237
464 540
721 726
47 519
261 292
633 1333
15 748
139 435
526 1262
329 685
563 1291
661 904
807 894
1085 1097
225 1048
1122 1219
1303 1424
1180 1286
1170 1440
1384 1425
108 587
263 609
950 1142
945 1387
407 592
801 1352
404 1387
1277 1373
369 1177
425 1178
139 327
112 146
451 1373
954 1303
172 1043
154 660
700 1440
263 326
972 1054
49 639
359 1272
177 1213
1048 1362
75 258
136 597
758 966
37 589
906 1110
298 1285
104 692
502 743
957 1209
121 373
833 1194
774 969
433 921
488 756
329 1132
878 1355
122 1334
1387 1393
1058 1249
1207 1377
93 504
261 460
1121 1273
1134 1152
1394 1426
1126 1156
1353 1409
891 976
504 933
431 608
772 817
497 871
513 1017
561 1140
787 1034
700 997
1175 1202
364 1358
401 475
113 477
1344 1434
504 1173
1231 1327
524 1357
331 1205
1102 1424
488 1002
871 1343
1108 1268
835 976
681 1316
1086 1108
780 1174
383 1084
965 1375
466 1289
891 1218
395 413
525 1376
249 1080
756 1118
815 991
652 1425
1435 1438
404 665
977 1412
32 435
171 681
1431 1436
968 1215
807 1028
153 1366
798 1215
1237 1415
1255 1406
1194 1364
882 1297
921 1369
1026 1125
308 359
292 1173
1261 1380
751 1440
1326 1331
542 859
1382 1423
568 1194
1193 1317
635 1323
257 334
970 1338
45 852
175 700
1027 1175
586 1157
518 864
157 949
685 880
130 1127
1228 1437
177 740
741 1111
834 1426
1122 1324
522 1191
1203 1340
1315 1365
1240 1343
80 163
1292 1435
1428 1432
813 1002
586 1409
367 966
880 1297
574 1191
864 1398
1237 1437
926 1387
1022 1246
236 383
1070 1242
643 982
1361 1388
1002 1360
1294 1314
1161 1236
369 995
290 307
1326 1402
686 1124
172 801
640 1316
768 1369
1309 1427
597 1399
295 1260
1119 1320
509 1231
721 1202
1366 1370
98 1328
1378 1428
144 1407
1434 1435
1079 1120
993 1018
59 938
912 1006
773 1084
1302 1423
480 594
152 1149
1435 1436
1412 1418
882 1003
243 853
777 1227
618 829
408 559
311 766
400 721
516 866
211 1285
1016 1374
1161 1320
114 806
72 417
1387 1411
1227 1289
1391 1425
43 76
1358 1412
963 1197
272 1434
1184 1195
186 865
318 1398
1332 1374
1321 1324
487 500
327 962
598 617
547 1064
927 1261
983 1051
15 196
743 1259
766 1297
1182 1303
736 1342
1308 1380
83 764
520 1398
1044 1059
946 1380
630 1404
684 1377
1126 1241
1424 1432
997 1266
281 472
1024 1247
1384 1403
1361 1416
1149 1429
982 1303
1401 1428
1378 1381
1198 1367
737 845
769 773
327 1247
454 808
246 1352
183 1417
993 1291
462 1343
1376 1379
728 897
931 1291
80 1437
1045 1236
855 1045
1220 1427
902 1040
310 1214
1401 1420
1348 1409
6 1335
536 1254
625 968
837 1179
472 1374
1271 1377
26 1020
203 432
304 863
1338 1392
605 884
469 1429
129 405
311 895
1108 1150
669 964
563 1115
1389 1424
741 1084
1283 1305
159 240
495 1226
225 1001
517 1147
1258 1301
896 1305
1044 1370
363 784
1254 1323
711 980
262 729
199 1067
1203 1434
319 1160
1293 1430
569 1291
604 1129
380 1394
339 991
663 1246
1406 1426
330 677
1120 1303
829 1300
1261 1336
1216 1277
286 382
520 613
1214 1367
579 1121
495 514
87 215
592 887
678 1288
406 1235
586 676
85 557
879 927
721 1182
812 977
801 1248
659 1413
189 769
491 1111
564 1129
1380 1382
507 1339
1321 1432
42 1398
1086 1365
179 598
963 1000
808 1194
1010 1100
484 1175
1376 1415
1338 1344
842 959
294 1287
700 1251
109 842
448 1206
1243 1428
239 869
825 864
1181 1287
1282 1378
238 1094
433 1215
389 701
304 1086
1175 1307
1166 1380
367 1255
446 1413
1304 1357
106 415
769 1126
1354 1371
1419 1425
1204 1257
1217 1422
618 1020
986 1255
130 271
319 365
230 680
1132 1376
1162 1167
67 203
620 678
636 1384
775 1376
703 1233
1012 1107
612 1429
487 637
499 940
1439 1440
193 844
417 602
878 1178
882 1051
849 889
906 1245
1381 1388
30 117
1038 1155
602 849
1129 1151
909 972
191 786
253 531
622 1032
190 729
426 1305
986 1369
935 1023
789 967
1236 1387
272 331
1204 1305
30 604
669 1270
807 1404
463 1246
903 1150
138 949
334 539
158 741
213 255
1428 1429
775 1019
1161 1309
157 739
1214 1421
45 765
25 457
604 1298
466 551
120 1042
863 1011
295 834
888 1012
446 1309
439 1418
437 1312
1109 1383
353 1328
1217 1290
126 1368
605 1118
1217 1334
439 975
265 304
426 953
922 958
783 1107
1389 1432
671 1413
700 1330
1411 1438
198 1305
1041 1101
451 1267
835 956
1063 1324
804 1391
1131 1149
721 1194
839 1191
1337 1361
711 1390
845 1032
3 235
1049 1249
607 1346
819 1108
1378 1388
520 726
319 346
1137 1321
1436 1439
1013 1056
748 951
939 987
196 937
669 808
228 1331
907 911
406 525
1289 1295
898 934
115 967
1293 1306
987 1299
136 1109
7 1242
617 1182
1344 1364
241 1182
1299 1423
600 1400
1064 1253
1060 1230
565 1013
216 231
677 1205
710 1245
5 15
652 1005
1227 1422
22 805
985 1042
10 649
666 984
2 45
621 959
443 1342
629 1339
134 244
216 1394
690 1111
709 1203
2 451
534 733
323 420
665 1168
1346 1401
768 1192
477 1178
1035 1187
664 1025
958 1006
467 614
463 998
1204 1387
521 1313
389 921
33 1113
505 1373
829 1078
1188 1365
560 955
673 839
46 192
1364 1435
679 1398
1395 1403
709 1040
283 312
375 1014
255 300
377 880
1277 1342
31 1182
1157 1254
276 1004
635 736
873 1075
1129 1368
226 567
1294 1429
1384 1436
690 1045
309 319
382 514
1100 1365
1091 1313
551 1332
1230 1347
506 1141
395 1019
11 231
211 637
285 405
215 613
33 946
308 1195
1285 1357
147 474
968 1377
789 1351
1318 1392
1104 1398
199 387
1353 1439
548 1411
1323 1440
1180 1251
424 1190
1317 1366
1258 1411
112 446
799 825
296 491
1262 1333
987 1358
250 685
1287 1410
153 1106
847 1190
31 219
816 1405
153 1380
1396 1439
797 977
737 1385
958 1391
237 1336
52 1381
115 1281
618 936
253 1134
1190 1379
272 1353
250 834
1379 1433
445 1052
452 976
736 776
31 1420
372 837
819 903
1118 1123
689 826
1010 1045
19 475
1361 1437
1145 1385
326 665
679 1080
314 676
1033 1350
196 1032
1436 1437
282 1027
503 739
123 1273
1133 1313
87 434
657 844
349 611
1252 1255
214 642
1265 1286
51 1066
665 895
719 1224
907 1273
1053 1266
1016 1244
558 1346
1137 1296
372 1118
850 1016
1084 1130
1364 1394
1130 1235
83 1014
1420 1430
413 1374
573 1423
610 994
219 398
1428 1433
530 1309
37 517
693 701
828 1153
686 1074
188 1235
1364 1388
551 1016
1100 1258
979 1188
1264 1354
518 1397
3 1175
1254 1280
68 1040
1418 1430
1381 1429
379 771
714 901
494 725
531 1157
831 1439
81 433
1079 1121
1020 1353
1081 1179
1224 1285
802 1269
486 998
708 1184
822 1190
283 540
584 1198
205 1020
691 1131
185 594
690 1368
608 1116
597 1032
248 704
339 670
702 1041
518 1192
1127 1190
1102 1400
1057 1342
1363 1413
24 171
391 802
1081 1176
1342 1384
164 267
1085 1356
1147 1234
718 1026
271 631
1059 1099
181 456
524 656
246 869
724 795
649 891
879 1292
293 1217
367 1117
671 893
713 1305
844 1210
996 1061
1010 1042
274 480
1057 1208
522 876
1061 1133
570 636
939 1203
656 739
604 625
1209 1439
419 1275
264 347
48 854
458 718
1432 1438
298 824
126 790
506 766
1431 1434
774 811
971 1338
592 727
130 427
1060 1208
1070 1127
866 1325
971 1073
49 266
885 1046
159 1042
767 1284
328 1406
1204 1373
953 1078
987 1075
570 1182
3 755
1070 1259
1024 1321
38 816
236 250
1203 1360
1356 1425
375 930
1274 1301
1176 1293
390 870
1176 1393
1357 1407
440 833
295 1405
431 1191
42 392
1382 1410
501 989
1215 1430
412 535
319 790
766 953
784 1160
1427 1439
1388 1429
201 1277
838 1426
1023 1095
194 856
634 1108
4 326
549 875
1127 1229
1370 1439
1097 1367
787 1142
653 1412
546 807
997 1093
808 1248
1390 1427
88 379
1131 1301
1295 1369
1361 1398
1274 1398
209 1311
1342 1427
710 720
805 1122
1160 1385
1031 1406
81 771
1211 1318
517 1274
1158 1162
441 1158
1333 1373
1024 1098
1278 1348
638 1001
651 711
1401 1417
1182 1219
510 1408
694 1435
127 910
658 1404
4 1334
984 1067
346 394
324 1087
1076 1118
63 1200
1127 1286
1309 1324
1329 1406
997 1164
187 229
1092 1406
49 131
904 951
1108 1126
1287 1298
105 526
1361 1390
591 1107
1004 1078
465 1120
1018 1244
592 1087
1014 1227
872 955
1302 1304
1395 1435
786 902
1018 1170
691 1359
360 1138
189 1239
642 1075
830 1034
1088 1350
1369 1377
959 1374
1250 1357
168 1342
137 1171
730 973
461 806
13 835
513 1028
459 1143
710 1336
193 1399
624 844
105 731
417 1416
99 1183
894 1288
827 1027
1422 1423
404 1079
1283 1426
687 698
989 1026
49 807
351 1305
194 1344
130 357
1160 1323
150 742
98 390
742 1256
557 752
371 563
991 1194
1322 1379
47 222
715 1081
221 656
66 147
382 829
1084 1366
631 998
1055 1236
436 1081
4 643
1417 1437
1065 1373
1344 1429
83 1428
1302 1401
238 1266
1223 1335
215 1086
207 735
9 1174
1298 1306
586 1369
992 1084
1215 1437
839 942
800 873
1153 1434
1260 1405
1184 1342
181 622
262 306
425 465
1250 1298
632 1398
1166 1300
1117 1412
191 633
179 1245
1024 1419
1144 1322
1032 1383
1201 1433
802 1402
673 684
57 82
1195 1350
1231 1235
1202 1223
371 612
1181 1261
885 1146
456 565
365 866
984 1110
740 861
107 1244
727 1223
238 1405
628 907
1246 1254
689 1021
386 527
1436 1437
968 1383
1103 1319
614 828
505 667
315 954
48 642
126 1091
808 1244
1186 1335
372 883
1403 1417
555 1381
373 1017
463 588
825 1017
919 1348
207 265
1092 1276
1147 1409
587 722
646 1339
57 626
747 1385
514 1440
997 1183
632 643
1427 1431
825 1065
969 1018
679 896
761 1361
1304 1390
1140 1250
586 837
193 1368
1229 1236
972 1365
307 1394
364 1263
1034 1242
769 1440
581 1100
907 1348
745 1326
871 1268
689 1216
1162 1289
1103 1288
1112 1256
20 868
1286 1346
1074 1147
1161 1388
905 1291
886 1417
470 1075
236 345
282 1427
1202 1220
876 1072
504 1316
972 1389
1225 1236
650 1336
494 1020
1040 1047
437 992
864 1089
1413 1422
427 1299
963 1378
110 680
1106 1247
312 1266
493 1045
956 1330
1043 1054
33 223
789 854
1023 1373
1335 1409
1210 1409
385 1062
403 965
890 1026
990 1373
1171 1315
1354 1405
702 1270
664 1392
1382 1434
49 95
768 1141
56 139
1327 1421
1047 1071
1242 1316
1292 1402
1106 1131
17 225
1218 1430
1012 1028
1085 1435
1271 1277
854 902
68 75
6 275
54 1218
1223 1410
1085 1138
70 229
322 1030
756 828
1355 1417
719 1425
1261 1321
233 417
325 450
1 1300
353 931
30 1151
429 643
906 1410
643 1210
1110 1357
578 785
1287 1414
18 1430
1235 1325
1180 1242
986 1294
1267 1375
1134 1423
312 1364
431 1118
904 1091
1003 1154
951 1259
1197 1228
56 881
1178 1413
132 945
1025 1435
134 189
1419 1434
706 1329
306 998
1338 1402
570 996
577 835
18 517
1074 1207
1413 1426
1269 1311
848 983
224 1436
976 1346
461 1197
679 1051
1404 1421
1366 1418
1039 1055
687 987
1370 1386
844 990
291 343
711 723
821 1403
490 1060
1378 1386
508 885
441 784
312 1380
439 1373
495 788
757 1159
361 475
125 1426
177 188
1208 1325
885 1421
1134 1282
1152 1204
866 1341
172 474
550 768
964 996
691 1016
737 1339
1308 1361
3 863
573 1282
1353 1385
47 1232
218 980
857 1036
963 997
377 618
799 1285
625 1136
626 989
85 183
312 1227
998 1154
616 674
193 277
681 1213
645 1205
775 1078
711 1106
485 1005
87 1130
1392 1413
1215 1266
1375 1398
505 922
1059 1179
435 1306
1068 1073
508 758
1154 1226
261 833
1400 1436
415 1212
1217 1223
244 1203
311 1100
921 1065
662 1419
780 940
923 1285
762 961
1435 1437
220 1026
847 1316
102 415
930 1402
221 1277
293 520
319 842
364 615
511 915
508 1413
973 1015
354 827
807 1343
392 1213
128 1216
221 892
517 1189
1170 1418
759 1226
837 1336
327 867
1392 1430
1389 1439
1190 1420
1418 1421
986 1293
580 1193
279 1415
1080 1270
338 615
531 727
1398 1413
668 1035
901 1039
37 1287
235 1201
5 1199
510 966
1202 1240
546 1151
475 689
1388 1395
893 975
138 1232
126 707
1393 1407
243 1417
916 1123
754 899
294 1432
29 839
339 582
104 794
1194 1364
132 661
553 1301
980 1045
638 1431
875 979
93 1289
100 1418
720 984
1101 1132
668 1049
145 785
1287 1429
867 871
538 720
555 978
123 420
1412 1422
442 883
753 893
885 1241
227 297
235 692
660 865
140 1371
797 1395
329 637
598 1007
838 1305
1177 1416
962 1324
991 1346
806 942
24 804
1202 1234
47 239
2 1133
922 1219
1191 1282
380 1016
349 803
443 1224
882 919
57 155
1152 1336
666 952
1226 1248
442 1385
1194 1333
985 1321
8 1315
666 1073
1168 1171
177 447
770 773
1310 1417
418 1205
568 726
737 806
896 924
926 1107
997 1329
1253 1288
839 1322
207 1035
1428 1430
629 906
78 1318
1225 1298
270 515
468 492
300 775
1158 1260
1081 1137
1295 1381
872 1134
1168 1337
139 626
13 1292
538 610
338 1282
1029 1274
654 1114
246 889
1038 1156
658 1302
517 722
950 1003
107 657
1025 1403
1310 1384
107 1233
1103 1171
78 1078
521 673
569 1029
19 217
526 857
559 676
1048 1229
681 734
492 913
1335 1375
548 891
868 1428
335 367
550 963
681 878
101 924
1325 1364
1147 1369
212 691
627 1373
894 941
494 1135
66 310
678 1074
1208 1420
1015 1292
340 1025
835 1305
270 360
1426 1433
156 1210
1263 1424
61 1393
404 1288
749 1323
360 1012
938 1162
1271 1292
706 1019
1136 1297
14 1101
889 1345
1004 1352
574 1336
819 931
313 742
820 892
1274 1375
1413 1415
260 1431
490 1243
136 619
89 637
224 1211
1055 1403
1034 1286
1114 1402
47 553
719 1269
1072 1126
1061 1402
946 1001
870 881
95 742
199 289
181 448
1077 1362
357 1232
871 1356
1243 1358
721 1223
49 867
214 1209
680 952
743 1302
92 542
740 1202
310 1416
642 1263
1420 1430
169 620
177 433
1419 1440
1309 1322
1041 1053
814 878
1292 1318
441 729
628 879
1159 1162
894 1163
448 1091
1297 1436
476 1353
1107 1131
418 985
613 943
590 690
745 1165
329 365
927 1315
586 998
1049 1356
1050 1304
31 226
94 1429
349 916
345 597
1224 1325
517 1289
278 864
1038 1123
776 1071
1204 1363
777 811
341 1427
435 756
576 670
1309 1428
560 1204
658 1148
1153 1352
178 546
1211 1412
1358 1389
244 1212
508 1051
480 1097
249 1354
764 1299
1231 1284
526 749
1104 1262
765 787
733 1431
863 1090
817 1178
1430 1435
598 740
125 545
1294 1325
1282 1335
1304 1317
1350 1355
869 1340
408 1065
1407 1422
1128 1410
1435 1439
1272 1356
1094 1290
251 1310
512 537
396 1123
580 960
1323 1331
832 1397
866 1371
781 874
188 797
1174 1422
1146 1218
1032 1290
545 1341
1415 1418
224 559
177 205
892 1183
1075 1372
1329 1396
1419 1432
370 882
421 738
403 873
1110 1273
641 1161
974 1050
1068 1328
191 1040
1207 1270
313 350
153 1254
181 792
411 1312
511 878
1133 1222
1076 1196
606 777
993 1102
644 914
473 874
1029 1030
325 709
1198 1303
1291 1410
252 1346
1182 1263
303 435
974 1231
1176 1177
414 969
812 955
766 994
645 1171
489 549
1277 1388
966 1414
44 1053
151 254
1110 1114
1022 1337
673 1252
815 1232
131 278
974 1332
446 1134
1054 1366
191 670
1154 1179
751 1329
791 901
107 289
78 1223
56 279
941 1185
1044 1188
813 1072
807 1238
109 319
285 360
428 1109
289 488
899 1119
1345 1372
1375 1379
562 1286
647 992
1010 1097
534 1205
357 1290
287 974
622 656
875 962
509 956
928 1216
1042 1176
1405 1412
1266 1383
795 1258
417 684
642 1179
567 727
1184 1255
88 379
114 1132
1079 1243
1234 1298
62 803
426 1077
834 1280
361 830
656 1101
363 658
1201 1282
199 330
1392 1402
776 1033
1041 1301
533 890
1117 1260
544 1120
280 432
1402 1404
941 1033
596 1084
889 1243
1119 1347
1385 1412
342 1149
1358 1400
1313 1378
443 991
0 83
882 1163
537 744
874 1072
89 422
965 1424
1346 1383
1370 1405
76 779
852 1392
96 781
623 874
199 985
579 1407
332 629
328 1050
1002 1076
305 533
1353 1398
976 1328
1358 1410
1062 1176
629 1109
1387 1423
406 498
616 840
1094 1107
1219 1409
120 1225
946 1193
1006 1370
1259 1378
391 1146
35 911
226 498
1267 1308
1120 1151
1158 1402
355 1333
933 978
464 714
569 597
1132 1186
913 1108
278 1421
598 985
1137 1202
51 267
1382 1383
88 1127
22 1055
721 1054
64 758
618 940
795 1371
1085 1430
859 1433
248 1046
961 1310
212 976
1370 1389
700 912
35 1004
669 1029
586 753
19 171
1043 1299
463 1315
1383 1412
610 883
1375 1412
593 1088
31 603
612 1338
60 659
393 1212
891 1307
1368 1387
960 1287
781 1254
1114 1273
842 1038
276 1131
160 529
994 1348
150 465
1114 1428
252 943
626 1371
174 646
686 1188
184 855
839 1084
158 737
337 1187
263 695
1034 1354
1095 1263
367 813
1022 1197
507 1064
1431 1435
71 1241
1183 1277
431 1336
378 794
3 1129
554 952
1287 1344
388 1081
584 1261
1041 1295
1208 1408
559 1371
815 875
76 996
162 550
1098 1157
408 505
596 1289
864 1071
1191 1199
513 976
1279 1374
1308 1359
1006 1181
378 1388
1355 1369
1393 1427
508 1207
834 1435
1247 1297
1001 1331
159 260
113 312
223 570
126 195
209 413
1087 1389
519 1196
1395 1420
136 613
762 933
1057 1121
1051 1411
22 1286
31 528
343 871
647 1272
1379 1399
816 1440
161 1308
574 720
116 301
445 1047
439 712
619 728
651 1224
526 896
427 1212
1100 1330
788 1372
744 1398
236 809
827 951
162 894
339 354
729 1161
1393 1439
1213 1232
735 1280
1070 1327
279 1401
473 581
820 1245
460 1278
1225 1343
1389 1440
74 474
1191 1373
1394 1396
58 460
452 1284
1050 1317
432 842
1290 1364
43 1070
238 815
405 487
1290 1398
268 705
979 1026
461 1286
565 793
61 1373
133 645
231 689
924 938
502 713
789 1142
1189 1231
107 881
952 1053
619 1240
691 1137
1150 1325
72 100
1088 1275
371 952
1018 1203
866 1007
1025 1087
541 1225
1261 1440
1295 1337
487 1372
1364 1394
399 809
9 416
30 857
40 813
774 1094
222 407
1395 1424
1190 1223
18 798
822 1028
243 405
851 1017
73 692
661 1267
1328 1409
244 1046
1419 1434
1325 1364
114 330
818 833
206 1234
1099 1334
952 1047
1254 1385
1401 1413
842 977
1258 1263
516 936
463 1012
999 1079
962 1003
1275 1379
1290 1346
150 824
156 904
1437 1438
1015 1419
446 1232
283 503
789 1342
1437 1439
535 740
1349 1383
864 1322
823 1412
12 1334
859 953
912 985
407 1042
55 424
787 839
1292 1329
1255 1292
185 351
534 1022
470 1100
166 1179
1129 1302
639 675
369 1062
1412 1418
1179 1250
250 610
1267 1342
507 640
333 850
35 138
1370 1431
768 934
665 868
974 1127
1197 1277
504 871
1159 1229
1346 1415
962 1364
379 820
1121 1131
1279 1335
1404 1424
964 1193
1380 1436
65 436
558 1411
1008 1038
1080 1164
615 1084
1045 1190
865 1362
382 657
357 1126
474 1082
590 1115
180 844
954 985
1224 1282
466 926
1075 1204
649 936
96 1152
740 1325
611 1320
254 936
312 663
102 468
1292 1419
529 1080
1032 1173
631 1116
604 928
66 542
826 1170
929 1095
193 1195
692 1251
676 755
319 731
659 722
1045 1047
575 1389
858 1127
1339 1403
848 957
1032 1049
1185 1433
1234 1253
1029 1428
1048 1151
1078 1259
729 1274
1012 1213
318 1367
1052 1152
270 849
1164 1351
1196 1294
492 1225
1158 1318
1220 1364
213 522
428 521
1295 1325
1197 1438
1398 1403
117 1303
1021 1036
695 869
324 1416
562 621
34 1122
14 320
1288 1385
1285 1344
658 933
1358 1414
83 119
1409 1426
133 1387
677 1178
1380 1381
284 1144
270 444
948 1413
513 565
368 1357
352 1215
286 1400
792 1368
1119 1243
1365 1437
149 1426
234 864
698 888
977 1396
666 1026
473 690
1240 1284
61 878
225 641
230 925
1113 1175
199 1192
1098 1238
437 889
1111 1239
1263 1264
822 1402
1404 1431
1429 1435
949 1320
1154 1243
658 1294
85 482
353 1272
1196 1197
1271 1384
1214 1286
305 1227
859 927
1012 1315
1253 1329
289 578
669 1201
856 1351
343 909
641 1043
1280 1287
1222 1326
748 1393
396 1280
782 1085
294 716
517 915
918 929
973 1084
139 1139
96 533
526 1371
846 954
1377 1380
896 1220
142 387
742 949
798 1317
48 677
475 885
1022 1370
1347 1388
26 746
1365 1393
288 912
254 1398
310 962
1388 1435
1336 1419
615 1416
257 1063
1075 1122
1078 1321
1060 1354
854 899
263 1393
278 549
398 908
407 556
1340 1359
918 1153
114 1373
678 974
132 728
1395 1416
1180 1294
1073 1131
1237 1358
167 630
1358 1383
215 1222
835 984
90 1142
1289 1425
802 1034
586 988
692 778
756 1025
746 945
472 774
867 1203
900 931
792 922
1086 1340
310 531
1306 1355
471 592
1073 1264
568 862
378 781
1382 1422
638 1231
1069 1323
85 532
741 876
704 1217
913 1116
769 1207
663 1218
169 910
560 1273
360 362
285 1004
498 1336
146 986
587 720
809 848
1005 1198
1145 1223
568 1213
36 1258
852 1416
1098 1243
965 1440
557 1203
739 1011
428 852
530 1290
1055 1237
400 1438
1009 1375
809 985
1223 1295
1055 1209
208 1231
249 781
466 1200
1066 1272
837 1342
1014 1197
16 1171
1320 1362
220 798
348 718
484 1284
1049 1406
1022 1313
889 943
1368 1412
210 1296
1119 1258
1078 1122
387 1148
509 1049
697 772
838 1412
1183 1242
1242 1274
1076 1140
967 1150
516 535
397 646
790 1414
404 1372
995 1030
619 1175
1051 1387
370 1061
915 1073
1143 1148
1081 1171
71 290
446 1056
1099 1400
1040 1364
1172 1334
405 783
241 1198
670 677
171 1194
936 1251
414 741
634 771
631 726
624 1111
1116 1384
155 1190
1332 1414
1184 1308
580 607
827 866
220 816
823 1093
341 1103
1390 1413
476 1205
216 439
467 885
640 709
630 825
1273 1296
290 560
507 1319
96 336
1206 1423
365 402
1292 1295
1134 1264
1351 1375
592 1213
367 1191
487 669
864 1217
64 821
996 1147
489 653
941 1350
451 454
550 562
392 418
1056 1073
857 1005
15 969
974 1255
587 864
1381 1388
209 1092
1261 1419
91 1378
673 1294
31 1163
628 1001
1064 1223
694 1416
204 762
851 1420
492 688
526 551
689 1098
880 1015
1375 1379
271 457
982 1390
623 807
712 1166
1119 1384
322 396
726 1096
492 1342
498 813
322 1002
743 1222
968 1404
141 1324
381 1402
1170 1320
1249 1324
272 340
1156 1351
0 563
1307 1358
187 1015
111 493
1384 1440
994 1398
1100 1178
1381 1418
1385 1410
316 1337
441 862
1004 1016
397 754
296 1008
709 884
1169 1175
1214 1293
802 888
1120 1383
1174 1204
531 921
531 882
919 926
1300 1357
607 1213
34 1127
706 1377
741 851
1237 1263
1034 1256
983 1397
318 710
16 566
763 1172
739 807
1062 1225
970 1332
1185 1283
720 938
1137 1248
1323 1391
124 1282
75 834
324 914
1075 1085
502 1279
827 1331
1128 1414
56 843
1277 1409
935 942
1090 1333
1323 1360
316 1217
473 1366
190 1246
1363 1395
969 1038
545 860
263 792
69 1363
952 1304
1216 1250
120 318
798 1106
256 358
529 1027
191 969
598 1348
1303 1325
549 1186
1405 1433
1154 1301
956 1099
221 1332
738 1152
516 1321
773 819
644 1200
435 1392
154 352
794 831
1151 1313
384 652
403 575
1241 1368
1362 1375
1400 1440
692 1125
645 811
1409 1439
271 551
642 1375
216 1162
308 704
504 683
1344 1384
1262 1386
1123 1137
581 1386
1203 1256
174 1425
465 843
1210 1302
1360 1428
1349 1387
652 1358
947 1229
1032 1412
408 876
888 1265
752 978
1006 1170
1287 1355
710 1056
1153 1197
1068 1382
774 1164
1182 1296
698 1392
70 1369
667 1282
1120 1129
239 1387
1291 1421
831 977
774 1270
1004 1070
540 1127
378 1128
588 669
261 743
808 895
1002 1206
971 1196
982 1333
826 837
625 727
885 1135
1105 1196
82 703
1172 1299
456 1119
1240 1419
806 890
66 170
266 321
1348 1359
406 906
809 1433
786 1366
1389 1393
1012 1187
1128 1159
873 1142
934 1433
954 1438
422 1359
77 725
322 563
947 1056
591 1419
1092 1248
118 696
56 694
1229 1278
1005 1165
266 803
1292 1396
1135 1373
306 1126
677 1131
278 903
1258 1310
128 520
862 909
12 372
745 1007
103 1232
627 1309
534 1296
478 1270
369 599
687 1365
1434 1436
767 1242
193 525
1347 1414
379 1032
402 511
388 653
1087 1428
188 340
735 1167
608 915
1148 1214
76 1037
97 936
338 976
922 1428
357 1091
305 1358
676 1230
505 800
1193 1231
724 1430
743 983
457 1278
910 923
714 1174
881 1165
801 977
615 1408
481 1314
425 900
141 1100
887 1316
934 1338
759 1269
723 951
811 1217
315 420
315 799
162 643
264 1245
1299 1439
205 786
222 418
195 428
826 851
633 847
31 660
820 1145
918 1110
1208 1380
1220 1437
320 602
455 825
690 1069
592 935
713 1283
514 1284
1142 1263
468 647
1381 1384
607 1072
1188 1437
188 571
273 570
264 1138
138 354
1054 1439
905 1247
509 1419
874 1119
1337 1350
167 1408
1305 1364
693 1044
170 1241
32 174
632 1422
1424 1427
89 749
1136 1322
762 1045
515 838
1247 1439
364 1137
191 261
1327 1434
18 1206
822 1303
1308 1388
714 895
354 1239
1122 1217
304 465
982 1399
1135 1406
1413 1436
1338 1345
249 967
161 1415
1002 1365
708 1169
701 1009
1135 1364
1121 1131
722 1316
496 752
77 1148
592 883
329 801
772 1184
1426 1433
248 314
619 686
1024 1180
920 987
746 1172
381 996
923 1132
1071 1181
961 993
67 857
725 747
1171 1398
1361 1375
35 73
1034 1414
1318 1430
1219 1413
1340 1398
313 1347
1258 1433
16 1157
262 900
649 811
1030 1253
127 975
827 859
1075 1234
759 890
1386 1402
333 685
122 1388
386 1373
1029 1389
1106 1132
309 1116
873 1416
1009 1142
1016 1020
775 1272
229 1065
124 1237
496 534
788 894
776 826
263 271
1418 1431
439 980
479 692
1159 1233
1263 1350
899 1192
1396 1425
889 1183
1253 1363
64 185
738 915
1306 1353
1251 1439
570 1018
618 818
466 892
1064 1274
436 888
1174 1367
1278 1372
557 1168
54 430
1370 1417
1061 1314
516 1290
1334 1358
652 748
308 982
268 762
589 806
465 759
1255 1373
656 871
609 825
76 1337
996 1194
11 245
523 1201
152 1248
371 1181
459 1022
977 1003
508 1270
1025 1259
769 1161
645 757
321 506
130 736
1114 1314
410 1070
351 1101
1013 1352
766 1342
1139 1431
1413 1417
15 1001
1137 1221
391 943
1263 1334
1044 1198
2 14
52 1288
820 1079
1220 1359
1320 1347
575 1164
761 1080
1093 1343
736 941
508 1054
821 1416
1152 1340
174 549
189 1204
12 73
933 1202
832 1227
875 1315
744 1156
1333 1381
566 1276
1346 1369
1148 1273
726 865
139 1436
968 1125
582 1151
56 429
146 355
626 1318
308 1313
1240 1327
495 524
669 1002
455 708
252 1269
353 1368
194 1328
703 775
41 798
1181 1238
168 490
1158 1266
1287 1337
1304 1386
458 577
1332 1377
166 1041
1025 1052
1188 1278
1267 1353
987 990
830 1098
1032 1203
341 1357
689 1047
719 988
865 1124
927 1411
137 370
165 1276
236 391
1137 1409
1393 1421
261 419
262 1386
409 1392
322 1285
579 1386
246 660
805 1011
1430 1434
1177 1394
1383 1426
1175 1370
652 829
1114 1264
255 305
57 424
781 792
425 976
17 255
891 1353
879 1380
1229 1280
508 1051
1259 1278
850 1042
225 403
876 1285
1040 1190
1218 1407
975 1384
1196 1351
89 1144
1182 1244
258 981
244 1264
141 1342
367 1440
161 476
54 1211
949 1127
459 1352
1267 1362
84 1171
704 1397
402 1341
449 1079
662 973
505 1272
1085 1182
1375 1430
1155 1257
7 56
116 988
201 589
506 1149
86 1248
528 1245
520 1261
1234 1328
1185 1265
858 1013
854 1202
600 1440
697 1122
566 824
975 1104
592 741
105 1166
1018 1326
1330 1340
1343 1385
292 747
926 1320
373 426
1434 1436
1161 1298
1425 1439
1367 1400
900 1083
84 155
219 565
545 855
727 1111
1241 1401
1220 1358
771 1403
1332 1388
372 1059
233 1057
117 1254
146 788
984 1153
116 200
818 1073
39 1197
1033 1337
1111 1194
410 553
472 1315
1111 1397
1282 1320
478 1424
706 973
1185 1296
420 1240
1115 1189
193 817
70 1424
1060 1125
1040 1400
180 687
402 1322
341 517
201 685
384 798
61 1416
285 1385
199 315
1152 1269
1308 1359
506 514
1010 1129
501 613
977 1171
523 1359
400 1377
1236 1281
33 1075
1055 1215
647 829
150 1290
284 1035
263 1067
724 1092
451 637
62 127
755 1266
897 920
317 1321
1139 1250
866 1094
803 1215
1195 1411
1340 1417
773 1067
219 816
1422 1439
393 773
349 781
151 1000
659 837
709 803
3 935
246 922
1043 1292
208 451
1287 1296
1331 1405
1277 1414
278 420
1319 1361
971 1139
955 1013
327 433
1113 1273
184 1038
1223 1345
1143 1221
1000 1350
537 763
1005 1389
956 960
1387 1437
638 739
1245 1263
707 726
269 568
75 687
111 489
1322 1387
248 1187
34 1169
858 1246
721 866
1039 1139
546 988
1220 1250
180 537
429 584
1132 1195
415 1019
461 1102
1436 1440
268 1406
257 823
1087 1245
1390 1412
438 1262
1178 1251
59 930
1043 1366
708 778
41 829
780 1297
342 897
72 711
839 1407
203 681
1093 1242
923 1018
165 980
663 1108
714 1047
78 488
1421 1430
102 942
14 1064
35 1065
1102 1291
753 1096
370 901
455 667
441 1362
281 1350
559 683
772 886
579 967
1324 1426
85 1113
515 984
814 973
128 740
628 1234
307 1346
1063 1341
960 1313
122 864
413 778
55 613
1040 1329
990 1346
365 859
76 1075
832 1284
592 1361
549 1196
13 1098
1088 1417
762 1292
609 1098
1116 1382
1119 1266
52 1362
276 971
1415 1434
1265 1283
662 1381
930 1332
306 332
619 1308
1122 1218
349 1382
24 595
1402 1415
873 951
458 474
816 1188
602 1392
163 1383
269 664
237 1084
1218 1382
421 1166
844 1000
260 591
127 997
32 474
356 1167
970 1432
387 1147
1112 1384
205 1280
1328 1371
283 707
951 1100
580 1340
772 1390
342 926
897 917
570 1093
1276 1322
330 1094
328 1129
844 1075
144 594
700 868
1211 1417
1343 1420
1262 1409
903 1206
220 419
508 897
424 1182
705 995
443 1216
875 1376
557 923
611 1180
850 1138
484 993
485 721
852 1083
709 1111
717 947
272 741
81 318
190 325
202 405
1010 1218
1400 1401
1247 1412
753 1374
607 746
1118 1267
334 1040
966 1252
958 1399
628 1052
641 1003
1209 1422
1191 1357
1261 1388
1355 1402
451 561
96 838
328 745
1251 1260
388 580
229 401
761 1382
904 1358
1414 1425
1184 1238
980 1005
689 1430
672 860
1247 1389
116 723
238 987
344 515
382 677
598 1000
1299 1344
376 1339
656 1270
1269 1440
240 466
965 976
730 1117
427 1080
990 1237
899 1103
1030 1281
962 1112
314 320
655 1246
266 1112
57 1117
516 1350
620 1069
100 492
802 1170
850 1059
1270 1300
451 1119
360 1150
477 1131
1219 1289
1303 1319
1033 1123
1349 1426
668 1389
70 464
592 1034
868 935
10 1085
307 404
891 1297
1051 1361
847 855
718 915
582 1380
1242 1393
979 1203
800 1253
1190 1316
411 1184
1365 1372
1018 1359
146 1203
347 1362
1348 1352
468 1270
397 1333
77 1303
734 908
95 396
1013 1198
190 1191
815 934
723 1184
659 860
547 1078
1293 1420
874 1312
666 897
1274 1356
1363 1364
1279 1281
1162 1170
388 1388
121 348
109 1392
880 1188
994 1057
1224 1289
1080 1161
977 1036
282 479
336 385
1135 1433
982 984
1088 1132
1439 1440
744 952
316 657
264 1273
48 353
83 524
688 1375
1101 1248
659 804
334 1059
1177 1300
582 916
116 658
617 669
269 1128
937 1154
1004 1295
1365 1377
859 994
24 61
667 1294
1150 1323
506 1435
594 634
1016 1039
275 987
706 747
762 1140
126 327
362 586
1093 1147
158 934
804 861
966 1054
210 871
673 1351
1062 1314
265 491
936 1315
1203 1381
226 667
588 689
51 1268
1374 1431
410 670
393 601
416 729
361 388
1123 1231
702 768
867 1351
1150 1292
1357 1379
391 625
399 922
887 1094
645 1349
42 404
564 753
294 776
1289 1348
1172 1313
451 1339
617 751
718 1212
561 1433
944 1325
1380 1431
476 1087
601 1164
1242 1415
1422 1435
1280 1431
916 953
774 1262
1029 1090
862 1401
641 1084
937 1030
1276 1277
1159 1160
640 1299
491 783
954 1082
565 1418
406 988
845 849
1064 1243
803 1209
1002 1057
890 1405
1077 1087
361 895
1350 1413
437 829
1347 1423
277 570
939 1031
1200 1320
684 751
905 1152
850 1244
476 1203
193 1304
0 1417
707 1125
1 161
699 770
88 337
706 892
749 764
559 703
1400 1411
365 1041
1258 1388
1419 1422
436 867
1412 1421
66 229
1054 1058
501 1332
1400 1402
830 1282
220 504
886 1312
1146 1306
1238 1434
1041 1114
407 1002
989 1131
561 1400
1304 1368
243 1180
529 1366
1343 1422
606 1004
683 739
103 209
107 307
1084 1390
977 1307
594 1392
390 1109
1118 1341
1211 1244
998 1251
904 1175
39 734
1055 1160
1327 1395
1111 1245
879 1072
630 1389
509 849
103 939
1368 1394
496 1086
1170 1217
964 1051
73 1440
565 782
1399 1403
131 760
526 558
463 956
290 1129
1090 1295
934 1143
1 62
314 869
1314 1377
1122 1315
609 1410
1328 1438
679 830
1214 1359
1023 1374
1178 1304
478 839
497 1074
714 1397
1165 1287
577 1341
550 1322
732 1182
328 1076
848 1271
1006 1105
345 1427
310 1094
191 747
899 968
152 268
370 1420
533 1172
921 1394
524 843
1255 1396
1320 1348
1078 1230
548 715
938 1148
782 1358
442 599
1042 1102
941 1260
501 1331
1189 1216
193 1172
1380 1391
439 831
740 866
348 683
1340 1361
69 1439
258 494
1062 1347
506 526
911 1149
669 1340
547 881
761 1351
1261 1431
933 1087
616 693
582 695
976 1010
1410 1425
526 919
1381 1411
536 1173
178 487
1197 1389
1055 1131
170 725
292 1358
974 1134
689 1212
400 481
919 1141
951 1410
500 521
41 919
732 1268
709 874
902 1363
596 1181
1146 1351
594 904
1296 1322
883 1226
6 241
757 1062
801 954
419 1251
497 1075
255 576
269 752
1278 1342
751 1012
1003 1078
257 1038
544 760
134 1353
902 1119
317 958
1057 1126
901 938
1269 1438
548 953
1037 1123
1029 1314
605 1437
133 265
1220 1265
1134 1356
1277 1300
1343 1405
61 744
215 1184
1412 1432
457 554
295 1226
1229 1364
89 1354
1013 1227
1269 1302
206 213
1335 1357
143 1250
649 817
160 439
93 717
75 308
500 1296
183 724
1208 1238
1334 1439
1069 1076
479 782
1358 1415
61 139
593 1044
420 1011
1260 1352
402 945
1329 1437
39 350
1185 1212
287 911
1413 1436
455 834
177 192
504 1027
733 1126
456 1216
1085 1183
272 1273
285 1008
323 340
334 450
1080 1422
655 717
1311 1381
1431 1439
1417 1426
1082 1251
1313 1403
1416 1421
40 1345
1412 1413
176 474
200 764
914 1374
470 709
1315 1401
651 760
1383 1427
1208 1365
729 879
248 921
20 1131
1066 1104
636 953
1184 1267
516 1156
344 1098
924 1209
920 1226
503 991
503 552
1074 1389
1200 1308
553 794
39 687
1312 1428
1162 1246
988 1414
506 998
248 948
263 1140
961 1415
117 1000
962 1121
1374 1402
1406 1435
1386 1416
349 1027
220 1200
1106 1202
882 987
630 1261
638 1033
1010 1316
996 1068
470 1355
893 1354
135 404
1142 1400
335 1087
423 973
311 638
865 1079
1312 1339
306 421
564 733
865 1347
639 1434
1026 1084
180 1342
1054 1213
399 469
1086 1360
1108 1366
1148 1253
435 655
922 1101
1181 1282
1298 1439
624 861
1345 1359
1199 1243
11 880
369 1425
715 751
389 1027
1018 1344
932 1143
1380 1406
1050 1417
666 836
486 778
1199 1282
448 927
622 658
278 1325
326 1066
231 447
52 1274
866 1276
687 1009
1158 1427
1357 1440
598 1077
859 1154
843 1241
397 1017
1410 1414
41 1380
339 640
1254 1431
800 1123
154 275
976 1113
212 1334
971 1140
778 1205
790 1270
1222 1235
492 1371
867 1248
479 1012
1378 1435
739 958
749 1115
1086 1190
924 1222
432 439
661 684
781 838
1226 1373
483 627
1249 1265
676 884
713 1182
304 694
460 896
1013 1410
51 1037
576 845
468 1368
508 646
188 1189
336 1416
37 1273
449 1290
761 994
471 1439
598 646
254 870
250 1307
1026 1416
230 975
1107 1216
282 863
887 978
144 1346
1099 1322
784 1417
629 833
1430 1436
980 1345
1344 1396
478 1143
674 976
723 959
103 887
443 1309
1349 1361
777 1263
1144 1361
197 1222
123 1102
3 521
1202 1440
586 1292
824 1159
51 574
706 899
1188 1275
1084 1429
451 677
989 1074
1081 1424
724 992
340 586
98 308
842 1073
96 306
147 420
1247 1332
192 551
459 473
1376 1428
1051 1069
1136 1308
1119 1420
957 1273
542 729
199 1160
1204 1291
1078 1233
1377 1439
32 315
213 1347
604 1293
547 1430
638 680
973 1022
467 547
576 1358
145 440
917 1426
1339 1375
1429 1432
1096 1124
549 1200
1269 1281
195 759
1283 1346
735 994
671 814
176 824
1081 1216
233 1215
1405 1429
785 795
1215 1333
1156 1406
22 803
1186 1410
1205 1252
9 949
921 1324
273 1167
367 1329
299 493
89 1089
611 920
546 845
703 1151
1299 1366
332 1330
1189 1422
1007 1195
763 765
382 886
1005 1433
116 1285
862 982
918 1282
527 576
378 1332
143 1284
939 1381
1184 1288
1236 1435
242 1384
1099 1286
909 1408
775 1208
1313 1389
297 1032
594 1260
720 843
981 1378
1302 1404
492 1282
561 999
1407 1429
491 1031
201 714
729 823
872 1139
258 592
255 725
1197 1332
191 557
1042 1165
578 606
1334 1364
598 884
890 1009
1171 1330
724 1267
177 421
434 1041
566 725
1140 1337
389 1187
349 771
379 804
1035 1429
50 1102
1285 1413
279 610
1 697
1410 1434
251 727
1260 1419
638 672
537 630
1334 1440
156 1327
421 564
1031 1095
491 952
97 614
362 1310
872 1269
120 1351
169 1027
93 287
1224 1360
407 474
770 1032
29 1337
1043 1176
205 719
928 1399
53 816
1266 1276
203 1001
1034 1290
1028 1373
366 368
221 456
794 1289
977 1311
1072 1235
374 934
396 588
156 748
1366 1383
272 891
460 1387
1119 1159
965 1118
120 1020
1037 1417
351 1282
1392 1435
180 1312
1182 1344
1225 1341
1145 1349
988 1017
290 853
311 1390
1260 1270
142 895
1247 1407
1028 1247
1395 1439
669 1057
1414 1417
1127 1243
464 1190
617 904
464 555
1089 1278
862 1174
631 1316
594 1436
719 1238
729 1233
328 1156
825 1245
376 1393
164 212
929 938
68 159
57 1241
1378 1402
814 1134
1439 1440
1012 1295
726 911
764 1002
626 1224
1069 1114
977 1089
615 683
585 1137
635 669
348 1381
1351 1430
279 1229
1321 1425
721 981
563 1025
425 832
1349 1399
677 973
55 208
307 1422
1170 1328
640 1162
1232 1250
128 1290
68 847
680 736
356 845
663 843
479 1216
1192 1418
169 846
859 1314
971 1242
393 1288
360 1218
1185 1427
1313 1414
214 919
718 919
19 1423
811 1345
1432 1433
109 497
1089 1093
774 1342
1331 1377
597 702
558 1019
731 962
1347 1438
110 1201
1019 1148
203 820
444 1343
999 1075
770 1187
875 1405
1040 1109
649 888
245 827
696 1086
788 937
193 1375
729 772