5000
310
425
428
190
231
295
182
366
250
186
464
429
378
237
154
159
281
125
386
468
259
281
295
376
148
409
405
381
149
319
112
179
451
182
479
304
480
409
130
177
257
216
117
304
222
432
316
117
259
452
483
497
450
448
104
434
308
114
403
199
234
228
220
115
310
271
301
398
200
208
383
139
377
396
351
432
353
275
267
251
210
337
218
411
248
434
174
423
500
424
219
294
363
307
331
277
163
145
453
180
237
151
484
390
378
489
419
102
150
305
477
139
338
354
395
276
261
447
407
394
282
393
399
438
245
394
103
184
161
304
107
372
405
301
448
439
409
244
405
196
385
229
183
109
248
161
183
407
150
444
226
399
224
338
344
323
184
191
333
264
470
119
231
127
241
400
437
373
204
466
183
412
220
416
409
187
323
254
237
221
328
439
103
476
337
202
244
459
222
300
339
249
268
214
326
345
106
214
492
294
289
202
426
351
307
493
142
141
118
149
205
146
189
434
172
450
464
456
422
165
157
453
157
348
141
405
491
255
472
339
176
474
322
442
362
414
345
334
369
154
318
290
136
378
124
201
262
250
208
197
212
402
302
214
364
272
470
196
312
239
173
237
259
153
260
318
313
477
317
120
448
381
284
437
326
119
389
260
219
128
349
116
471
382
211
133
472
414
462
497
473
437
432
463
270
451
164
476
144
425
193
219
201
371
217
133
419
195
271
267
386
214
204
276
352
198
456
256
147
448
104
131
360
359
424
101
310
252
207
472
270
118
119
410
374
380
186
488
292
263
368
249
453
358
404
309
327
324
459
268
317
119
452
254
319
131
160
461
146
288
354
446
381
323
230
238
291
358
104
463
248
418
382
312
313
395
219
381
413
110
448
288
149
102
401
201
213
298
251
370
191
487
449
386
119
201
471
307
439
463
322
236
236
210
327
265
145
248
479
262
392
320
383
414
168
264
221
270
383
480
399
222
266
327
273
201
198
214
334
118
127
489
105
342
358
437
211
313
427
222
180
273
462
460
398
466
488
235
423
258
482
253
295
472
291
492
393
257
351
344
231
119
271
458
271
373
394
423
222
403
229
154
164
376
181
364
424
113
451
200
220
318
412
200
211
497
365
192
356
467
375
304
172
295
476
214
357
347
257
296
100
325
176
363
199
431
374
380
153
254
333
159
235
481
131
440
357
178
120
487
252
472
249
199
175
134
461
270
123
335
425
166
269
341
413
499
221
318
312
259
463
425
253
342
280
458
116
474
437
267
186
306
302
369
494
262
116
498
378
348
484
134
192
375
307
415
400
482
278
422
333
342
284
145
157
414
498
120
215
251
312
428
482
343
456
300
389
101
309
349
281
466
387
220
124
307
247
233
468
117
157
267
247
131
186
335
419
450
414
196
442
149
300
340
111
145
124
172
291
358
438
257
445
269
135
232
397
391
156
160
303
284
318
325
442
215
386
310
109
245
276
135
466
181
262
468
331
440
195
409
494
396
291
494
372
108
330
488
351
264
146
165
132
490
210
134
452
376
442
284
334
153
457
473
451
486
214
440
405
336
121
417
441
245
256
484
187
291
150
337
411
380
352
293
450
271
112
103
338
329
154
211
493
243
116
262
500
440
148
107
352
148
399
462
372
108
359
100
464
177
289
298
173
333
195
378
179
443
426
273
200
230
368
268
339
343
131
215
337
400
352
318
357
311
158
366
200
168
162
327
170
476
303
118
287
212
474
482
300
368
198
105
500
244
122
231
376
457
383
339
422
376
478
419
342
293
426
165
467
411
336
334
460
224
348
167
239
210
414
416
369
452
229
143
490
433
129
318
346
137
104
357
158
438
299
106
228
329
261
331
217
278
404
487
470
329
277
472
241
260
494
197
402
198
153
168
170
396
484
386
320
450
103
180
238
360
368
223
167
425
242
384
444
488
393
152
162
435
232
183
270
491
391
114
286
324
429
314
135
203
327
218
476
437
239
291
114
331
293
178
156
223
371
158
367
432
489
370
303
486
348
400
255
299
470
481
179
268
315
143
422
227
483
285
182
338
163
235
307
163
217
389
102
485
244
325
335
262
370
374
424
326
143
268
380
189
418
311
464
345
474
340
249
442
371
383
169
229
110
120
281
386
346
367
210
293
356
105
171
474
338
276
297
233
429
195
166
441
425
366
376
172
291
117
256
199
329
223
273
445
111
309
485
149
285
246
323
126
216
296
335
465
350
220
462
308
131
249
167
394
464
204
364
494
403
343
197
462
245
378
431
424
354
210
473
313
487
233
294
259
264
368
225
269
217
104
231
246
401
416
303
164
387
498
449
270
399
203
447
142
304
350
137
444
281
437
476
417
358
108
173
483
126
310
300
338
492
237
306
290
130
209
324
315
339
166
146
489
138
399
359
340
272
178
238
333
232
300
395
375
370
351
490
105
333
216
469
481
470
255
318
351
237
251
351
214
485
247
148
118
336
102
166
317
338
137
112
392
247
487
425
403
451
412
125
421
309
351
215
372
211
329
265
286
212
230
133
252
481
340
347
146
118
177
157
471
397
411
143
165
172
136
234
366
432
346
328
286
438
272
460
182
307
306
369
432
155
412
254
127
425
440
493
139
473
114
136
139
173
113
210
345
275
491
489
265
292
352
463
414
110
485
387
203
493
356
311
453
147
241
202
390
242
448
124
496
383
301
367
473
411
122
298
240
461
411
332
460
317
257
190
278
216
129
379
400
404
248
138
467
346
247
440
161
126
378
301
252
267
300
490
301
430
409
289
103
467
206
121
405
460
350
403
365
172
303
283
345
316
224
458
373
434
305
449
389
180
486
272
112
317
446
145
111
206
357
300
177
242
246
183
334
350
120
344
486
167
455
213
261
499
120
230
107
358
464
401
417
245
383
364
265
377
250
406
455
251
129
360
313
291
457
333
141
267
213
223
410
398
385
116
406
401
147
202
376
264
385
302
258
300
332
139
398
243
234
106
212
169
139
424
182
350
210
292
325
280
312
498
285
329
184
293
339
188
266
281
313
203
378
183
473
211
228
260
146
482
450
459
262
417
467
145
365
235
148
235
136
390
172
142
461
304
372
286
408
109
408
230
437
499
331
137
155
365
110
420
268
459
112
216
392
258
390
464
204
482
480
408
204
427
409
357
316
288
470
470
429
247
497
374
240
466
321
498
421
309
100
135
323
359
440
303
208
104
412
188
478
295
199
132
342
397
298
366
274
230
130
347
499
403
326
295
443
358
154
325
336
316
252
107
372
178
210
149
187
397
470
224
487
224
116
216
447
401
287
248
346
174
340
472
343
415
212
318
171
444
386
189
452
399
396
133
202
459
425
444
296
282
499
413
220
137
182
160
354
176
458
239
404
207
455
141
189
282
481
120
342
463
323
178
414
414
326
369
223
341
252
337
256
337
458
479
250
113
298
249
171
396
174
439
190
323
211
197
353
226
187
497
359
177
188
122
408
211
380
271
441
175
360
363
431
415
134
243
474
467
354
284
330
182
340
424
291
396
441
207
392
201
472
318
423
140
408
448
403
347
159
407
428
335
159
312
108
327
411
407
321
181
147
257
207
271
227
421
211
158
278
491
373
270
442
283
375
482
443
260
483
467
310
186
404
146
327
395
311
187
460
112
115
312
287
257
447
151
239
489
203
175
416
492
480
202
245
364
145
215
366
109
421
400
312
439
280
204
317
271
114
291
370
394
308
144
204
179
440
104
314
217
195
390
124
334
350
353
254
104
454
409
166
415
174
460
266
469
487
389
416
172
159
209
409
117
410
305
233
282
334
333
225
491
450
489
472
149
296
370
490
396
203
250
239
322
300
476
198
461
125
244
190
142
213
412
115
405
291
478
496
272
455
493
103
197
363
421
319
262
482
118
112
369
342
369
481
434
171
148
214
345
207
421
491
454
291
401
476
225
437
381
340
410
446
180
312
422
154
323
313
390
500
456
138
411
153
428
100
190
279
147
359
315
399
297
243
338
140
249
430
357
241
165
210
146
223
150
150
345
433
494
313
314
159
255
362
275
454
285
304
145
291
231
157
163
385
319
340
137
317
372
264
372
194
497
108
442
398
278
153
249
298
153
198
497
182
196
411
159
134
281
335
402
312
225
461
125
310
190
182
277
398
150
396
316
309
135
118
489
403
138
434
292
416
475
493
201
446
151
167
420
457
448
495
338
274
156
420
414
352
323
492
245
316
198
374
273
190
292
471
158
423
226
457
173
295
462
273
187
337
376
429
134
363
488
372
235
117
193
388
162
142
151
202
177
151
432
229
349
257
332
323
273
442
382
282
473
122
388
152
410
314
312
267
259
371
172
393
209
321
486
411
346
220
497
343
374
167
476
388
219
156
318
472
457
122
413
478
404
278
126
310
388
409
192
100
436
154
282
141
282
246
169
477
188
330
238
446
406
482
473
209
103
358
357
198
475
394
270
258
140
350
294
324
388
332
303
160
305
261
293
155
354
357
247
267
458
402
325
275
230
492
298
381
314
362
216
119
248
284
252
367
239
102
180
445
225
372
282
464
268
490
283
328
426
209
289
447
401
439
322
285
492
393
168
343
423
136
288
104
263
192
105
438
164
297
472
279
291
246
494
374
346
273
469
319
438
363
301
154
323
435
126
221
266
242
360
478
436
262
454
153
484
206
340
458
210
436
148
461
355
101
187
399
223
168
253
475
222
368
177
294
367
341
315
259
147
323
348
467
449
244
185
159
157
312
396
155
475
489
320
335
387
418
145
167
275
162
335
353
414
149
236
418
460
344
190
157
478
374
429
348
233
459
260
295
223
173
188
357
271
379
284
289
306
465
219
464
178
383
350
332
461
167
274
310
180
381
170
367
290
382
118
182
277
427
137
345
388
365
393
366
210
407
296
408
443
415
390
164
245
111
166
291
448
427
483
440
154
229
306
241
244
243
100
244
207
340
390
323
185
320
226
178
279
203
350
264
389
378
407
407
165
110
237
207
403
115
104
351
311
214
215
112
420
263
306
174
198
210
344
266
388
159
481
132
343
497
455
359
349
496
340
219
369
465
495
449
455
196
349
491
241
333
259
355
475
185
240
187
453
155
267
445
474
255
197
107
388
128
421
120
424
284
377
199
138
438
383
152
185
237
395
320
465
191
179
156
452
478
457
101
452
403
386
277
476
176
221
315
232
487
283
176
119
318
332
269
368
447
242
386
330
247
243
395
242
418
215
388
384
482
369
276
269
188
392
130
189
491
331
238
137
299
236
121
267
268
246
495
139
434
437
492
369
327
431
262
132
304
372
117
116
382
118
188
261
404
385
304
378
221
280
397
493
206
364
123
169
252
179
239
306
469
383
266
467
258
126
469
183
246
121
106
142
381
451
166
249
398
285
363
379
436
263
461
423
140
208
264
220
385
343
229
423
341
272
264
499
344
137
332
441
233
339
307
297
493
438
203
485
495
386
201
456
426
114
191
328
349
252
108
189
220
354
206
337
379
180
467
218
102
267
456
431
437
220
105
170
228
306
306
143
187
268
116
476
117
299
472
315
467
141
444
259
321
440
279
197
250
451
137
156
438
211
458
305
207
203
151
358
123
261
371
497
152
284
450
484
419
377
471
266
205
296
490
429
232
272
172
327
225
257
361
270
385
356
423
418
174
236
126
176
298
112
300
116
219
315
164
421
191
405
150
450
101
416
194
336
418
375
471
344
435
146
395
351
378
451
280
218
199
228
487
351
355
267
120
388
149
412
333
410
155
464
200
296
261
393
262
299
172
421
229
480
155
408
156
455
390
116
171
398
215
152
438
140
160
420
197
182
411
196
427
292
356
131
142
499
285
262
101
226
192
391
340
196
360
238
108
404
310
321
290
186
238
205
197
439
484
385
127
295
492
167
202
222
481
164
114
476
296
168
171
112
157
256
355
300
472
485
396
425
374
114
329
276
410
412
141
343
256
482
258
214
487
348
268
162
218
211
344
211
415
362
118
315
190
272
205
404
219
409
427
143
249
245
496
156
336
399
276
291
300
119
205
395
262
156
473
491
320
489
304
205
186
204
391
450
190
337
322
481
187
238
263
367
419
324
310
405
449
208
417
151
138
283
463
202
223
473
390
429
441
108
478
474
102
182
122
246
337
299
309
233
246
479
314
329
163
462
258
205
412
109
417
243
424
343
271
277
281
182
429
303
387
110
231
436
167
247
293
240
346
306
351
216
232
441
308
317
274
436
126
404
407
290
434
453
467
312
408
489
105
210
295
154
210
492
489
147
178
345
138
293
211
359
194
237
171
256
110
156
213
468
307
347
325
153
275
338
184
332
137
281
417
363
492
420
170
417
160
132
188
240
314
409
313
105
190
128
461
434
436
355
438
225
218
285
184
410
170
313
467
402
275
101
330
347
127
229
214
293
350
324
474
161
431
144
471
432
422
435
385
395
437
382
353
101
146
309
140
130
196
419
146
334
271
463
286
204
339
249
140
146
279
395
409
242
254
409
477
353
200
452
388
215
327
158
336
344
478
370
124
328
228
234
495
220
317
360
228
465
180
252
343
391
217
342
405
478
295
218
328
335
360
154
302
146
301
330
200
225
153
383
249
291
480
404
414
232
137
252
298
405
370
395
188
354
272
100
327
226
342
334
343
293
457
395
218
293
481
241
254
425
486
331
365
258
465
398
392
237
297
219
478
195
451
310
134
250
164
146
230
429
273
191
491
387
401
119
198
417
149
342
398
140
228
324
319
408
455
264
252
113
355
476
462
297
134
339
494
123
131
440
485
152
409
437
457
388
358
166
499
422
254
325
391
299
432
366
369
262
169
301
373
303
125
204
238
101
330
332
407
156
304
289
312
171
426
309
454
445
300
495
294
194
464
310
393
405
197
382
491
366
402
293
426
212
471
375
268
370
363
305
457
130
451
403
410
286
368
172
311
182
212
224
425
416
378
305
231
101
367
144
319
355
304
316
122
366
469
214
279
337
439
141
456
307
462
356
438
451
207
224
319
233
310
328
412
390
105
128
176
131
399
299
413
491
210
116
196
112
306
362
314
159
340
286
294
185
161
434
479
186
316
413
100
169
336
411
166
115
141
240
483
343
144
403
111
316
367
296
393
374
487
113
488
469
280
467
357
462
260
233
402
428
317
488
269
309
381
293
239
143
183
110
426
423
111
131
195
146
186
262
134
177
399
490
112
471
374
326
384
354
234
183
192
470
404
257
188
170
259
376
313
163
209
467
171
193
479
383
363
180
132
116
261
402
162
340
422
250
190
306
259
461
286
154
253
233
255
280
279
373
253
141
454
192
148
154
310
276
167
168
182
259
500
285
129
225
303
209
163
252
467
240
240
195
451
164
488
215
165
173
388
315
431
269
342
417
173
462
385
177
252
170
337
406
234
470
167
322
180
367
430
188
174
205
186
497
381
475
407
461
332
102
270
312
232
315
428
164
225
210
219
398
112
445
420
419
334
431
266
259
335
120
172
105
239
123
132
125
116
412
365
135
348
319
122
333
433
224
369
341
262
120
498
402
492
183
429
439
472
447
395
416
221
283
202
381
208
105
366
107
227
460
476
464
123
121
398
386
309
239
217
461
237
351
378
380
444
484
293
484
324
124
327
242
315
301
170
401
239
192
309
152
202
430
332
396
214
283
143
310
218
262
259
325
414
192
266
223
301
445
430
180
306
293
187
103
215
251
204
456
121
133
416
461
290
337
354
311
284
337
320
361
478
258
438
253
225
286
300
233
294
236
236
438
176
230
438
223
128
218
210
342
366
169
204
432
456
421
359
369
387
227
294
401
113
249
209
365
374
326
458
455
284
284
297
365
365
325
319
477
252
458
132
178
103
204
282
137
248
214
485
137
381
307
113
290
392
486
320
378
457
405
335
326
339
140
156
400
142
194
365
189
224
315
424
171
313
161
379
406
200
425
457
267
171
248
370
228
445
282
296
206
183
130
359
107
157
299
364
219
369
167
286
152
122
493
116
191
323
141
300
459
184
385
204
431
341
424
438
254
280
454
469
150
424
286
430
461
414
275
373
376
343
292
122
154
410
348
266
236
458
296
259
370
157
293
473
396
366
291
432
258
398
336
451
414
150
189
426
341
211
422
387
444
440
370
216
192
340
484
450
251
276
437
326
431
236
485
198
200
117
111
249
279
274
267
203
402
375
398
447
239
230
175
425
384
390
384
128
299
131
143
161
193
413
150
445
316
472
387
165
466
202
491
379
119
153
177
313
331
358
173
328
272
423
241
184
353
451
281
151
298
429
401
129
106
383
475
375
377
306
382
124
157
318
180
289
116
250
371
147
498
151
321
268
226
467
319
254
285
181
496
116
484
272
250
449
284
257
463
184
180
352
293
211
399
147
363
475
476
440
111
288
155
254
116
134
122
117
254
202
154
202
155
262
301
214
225
414
108
105
485
109
292
447
218
275
361
294
214
399
183
486
252
251
455
335
498
192
198
462
428
287
420
347
150
206
284
331
231
331
209
309
218
428
419
168
347
156
261
499
465
488
452
350
465
476
329
274
278
425
355
473
383
364
448
305
325
252
362
463
209
462
192
342
172
448
220
119
174
408
216
210
402
459
280
423
365
150
231
238
487
235
312
150
117
460
500
448
191
263
443
416
220
117
384
379
485
237
259
152
143
411
361
329
128
346
160
371
127
396
353
317
487
453
306
266
253
111
461
236
280
309
441
341
457
300
338
472
176
261
307
175
194
420
400
326
161
234
347
338
204
361
427
283
263
190
497
297
286
165
111
283
145
346
242
287
323
109
417
109
185
129
106
346
111
317
441
248
487
412
433
164
178
294
323
334
266
160
427
226
283
123
336
494
344
434
482
144
147
469
102
264
416
316
343
207
206
175
406
350
488
448
314
386
401
213
163
170
165
385
388
369
234
340
178
236
477
196
337
238
447
148
339
346
206
485
124
133
386
380
100
432
462
217
238
126
362
377
132
306
298
442
314
134
316
423
240
446
321
142
341
242
209
491
347
477
475
162
264
179
306
292
496
470
448
277
399
456
168
442
176
109
247
366
199
379
294
129
101
126
496
284
154
453
488
214
108
454
309
124
431
258
275
298
315
200
231
315
242
199
402
202
311
224
358
375
228
148
400
109
332
173
378
381
100
469
438
101
215
498
174
335
363
204
173
494
281
385
369
465
401
321
179
299
127
293
296
305
185
401
260
236
455
202
319
404
345
480
372
476
494
199
114
500
122
461
283
411
223
176
390
383
246
365
126
123
262
105
105
243
159
303
429
239
182
224
189
471
163
284
385
234
258
300
494
440
299
440
347
129
398
416
174
412
328
141
263
382
145
418
329
297
200
263
185
481
137
463
421
106
100
357
253
125
478
220
478
290
465
224
472
380
430
442
162
350
134
499
487
148
111
472
115
200
484
332
311
372
143
317
140
433
318
326
419
111
371
370
303
343
351
148
427
379
500
447
254
468
468
443
427
275
489
162
411
235
110
449
109
314
381
350
268
245
181
114
167
317
267
291
372
174
186
257
238
171
446
354
335
117
354
374
381
149
288
476
263
219
486
384
417
303
202
346
376
128
484
264
230
254
409
146
336
428
251
446
372
260
117
192
452
450
172
162
139
192
447
197
249
435
477
363
149
458
338
218
457
114
171
197
154
445
314
499
257
116
318
112
152
181
103
500
169
221
292
355
258
333
235
109
215
359
362
354
290
358
134
213
187
340
428
433
337
223
227
120
399
334
319
462
113
449
266
424
335
389
241
248
414
342
264
114
157
144
347
485
216
236
156
189
308
420
133
159
254
454
325
401
274
128
149
437
373
273
282
459
292
467
357
468
294
275
475
221
149
258
361
180
212
316
467
256
200
120
138
437
398
255
354
146
284
306
249
276
456
148
407
404
166
278
177
207
386
249
126
375
181
345
363
192
159
404
103
155
358
240
431
173
207
268
165
276
365
138
395
345
304
470
383
330
305
388
485
354
311
327
135
455
499
407
135
496
360
184
404
352
229
195
438
288
241
223
197
215
387
475
109
306
125
241
439
459
312
234
313
432
137
108
331
453
223
255
485
349
229
266
206
229
272
167
147
468
181
288
269
114
139
265
368
196
484
117
483
379
200
282
328
368
446
200
200
173
237
384
397
197
220
363
369
417
334
374
158
249
301
479
382
443
493
367
252
195
224
437
482
282
193
217
450
337
241
257
470
461
411
384
166
281
198
436
236
227
351
164
138
498
244
215
160
102
421
317
229
292
249
165
499
285
479
309
159
310
442
278
337
303
397
409
139
100
202
375
180
462
370
123
232
235
466
458
135
462
187
274
374
328
308
403
144
217
278
187
431
198
293
170
177
146
461
282
161
308
463
351
263
381
365
409
482
163
128
308
478
182
261
356
445
234
397
340
256
168
240
126
427
178
180
479
271
288
207
472
105
143
220
204
115
336
297
295
365
197
354
377
350
463
429
299
269
188
313
304
213
193
323
338
201
148
401
478
155
202
449
274
286
188
100
156
315
318
479
233
159
406
439
411
295
238
266
356
439
447
125
335
494
374
354
450
382
193
462
281
463
477
420
147
142
384
271
276
403
401
146
140
417
338
387
415
333
483
256
173
324
490
441
400
229
100
363
243
432
270
308
272
338
341
493
472
210
465
286
446
366
343
440
370
280
267
497
305
375
165
140
270
378
462
372
236
301
437
176
343
171
465
199
351
491
201
414
425
124
181
216
482
384
226
138
489
162
172
174
441
418
136
325
374
127
380
371
203
363
302
356
151
494
101
143
474
156
339
338
375
312
185
327
453
201
422
486
480
300
464
125
304
465
238
450
382
180
487
159
271
177
317
337
152
433
358
366
175
347
317
152
154
348
442
118
305
184
333
497
166
125
469
401
276
440
235
424
374
478
376
174
196
151
489
434
144
239
185
184
133
292
172
217
446
245
120
148
113
417
190
415
136
358
280
403
166
263
473
487
437
465
226
142
241
392
475
210
185
247
346
278
116
237
476
128
110
216
413
424
353
307
217
185
286
132
346
389
353
184
397
295
400
432
442
357
429
437
172
398
384
226
275
464
409
488
217
255
344
120
299
126
495
402
349
394
172
316
268
467
154
102
495
478
255
165
357
277
353
309
246
171
317
361
386
247
342
142
499
152
307
427
433
135
231
434
353
281
346
174
411
305
112
318
359
250
257
348
411
406
331
355
185
405
189
306
318
280
293
108
474
445
490
228
302
209
187
252
377
383
436
265
412
234
439
171
144
365
351
258
377
373
312
496
479
450
468
128
373
337
423
327
128
325
378
330
411
267
461
459
151
313
139
310
456
266
103
393
130
389
376
317
200
184
105